100
1
19
23
7777777777
87654321098765
10010000
11111110000001
35184372088832
200000001
65432109876543
777707000000
12345678901234
40302000000
777700000001
90123456789012
17592186044416
34359738368
100100001
77777777
20000000000001
9999999
11111110000000
3020000001
10010001
70368744177664
504030200001
40302000001
100010001
32109876543210
1010001
20000000000000
9999999999999
8796093022208
999990
45678901234567
43210987654321
777700700001
536870912
8589934592
67108864
200000000
16777216
999991
999999
134217728
67890123456789
10987654321098
17179869184
10001000
777777777
1010000
777770000000
100000000000000
549755813888
999989
78901234567890
274877906944
76543210987654
23456789012345
3020000000
1000001
1099511627776
34567890123456
999998
777777777777
21098765432109
98765432109876
777700007001
777700007000
10000000000001
777770000001
4398046511104
33554432
137438953472
10000000000000
777707000001
10000000
100010000
777700700000
99999999999999
10001001
2199023255552
504030200000
4294967296
89012345678901
7777777777777
777700000000
68719476736
100100000
77777777777777
1073741824
2147483648
1000000
54321098765432
19999999999999
268435456
77777777777
56789012345678
777700070001
777700070000
