100
1
19
23
19
10100
1998
2048
1111
9
900001
30
200
11111
10011
31
999989
989999
8
2002
99
1100
4
2101
1099
101
1000000
998999
2000
990001
29
1001
99000
901
11101
11010
102
11100
11011
2001
1101
100001
999990
110
10999
2201
999998
900
32
10101
999901
899999
234567
32
10010
210987
10000
12000
900000
20
12
100
2100
11000
2200
100000
11001
999001
10111
10001
1999
77
11
22
1000
101001
999999
99001
10
1110
109876
999
990000
999899
111
101000
512
9999
199
789012
999991
890123
10110
11110
91
12001
201
999900
21
90
999000
