100
16 1 1
5 3 0
4 4 8
15 1 1
4 3 6
3 3 5
1 15 1
15 1 15
5 3 3
2 8 9
4 4 16
3 5 10
1 16 7
3 2 6
15 1 7
4 3 12
3 5 9
1 15 6
3 5 12
1 9 6
5 3 7
6 2 7
3 5 15
1 16 1
3 5 5
4 3 8
1 15 7
2 4 1
3 3 9
5 3 8
1 5 2
5 1 1
3 5 0
2 4 2
3 5 6
16 1 7
2 2 3
4 4 7
3 5 13
4 2 3
3 5 1
1 15 8
3 3 8
1 16 9
4 4 11
3 5 3
16 1 0
4 4 9
4 4 0
5 3 4
5 3 5
3 4 12
15 1 6
16 1 16
3 3 2
2 7 14
1 16 8
15 1 0
3 5 8
1 15 0
3 5 7
15 1 8
5 3 11
16 1 9
5 3 14
16 1 8
2 6 8
4 2 1
3 2 4
1 1 0
2 2 2
1 15 15
3 5 4
5 3 12
13 1 12
7 2 2
1 1 1
2 7 11
3 4 9
5 3 1
4 4 1
5 3 15
5 3 2
3 3 6
1 3 2
5 2 10
1 16 16
9 1 6
5 3 9
1 16 0
6 2 10
8 2 9
5 3 13
3 5 2
3 3 7
5 3 6
3 5 11
3 5 14
5 3 10
2 6 6
