100
2
229 1 84252193
128 1 355388849
2
180 1 10
180 1 30
2
359 1 285866454
314 1 970153688
2
347 1 93181534
246 1 742778661
2
29 1 843168988
296 1 792247217
2
347 1 608026871
266 1 46340477
2
182 1 120803174
40 1 2907034
2
268 1 987469491
195 1 600589632
2
195 1 50799893
160 1 75542861
2
21 1 346100977
261 1 140233309
2
295 1 873548952
83 1 350653882
2
263 1 841194787
339 1 82333163
2
180 1 781354389
70 1 878897705
2
152 1 931502321
47 1 431272552
2
211 1 364697616
127 1 444439418
2
340 1 746956282
334 1 59723239
2
52 1 378624689
238 1 220323151
2
287 1 14699491
287 1 600448094
2
17 1 979277530
343 1 465506103
2
328 1 649852820
168 1 209717755
2
322 1 462238982
190 1 61464567
2
118 1 964629042
285 1 767983025
2
223 1 411735694
135 1 190277280
2
36 1 855996083
256 1 337419026
2
350 1 160391446
293 1 978136061
2
269 1 1000000000
77 1 44988753
2
223 1 701413561
340 1 630788632
2
86 1 593221590
98 1 747488053
2
197 1 95057338
59 1 888986603
2
212 1 18924133
40 1 459719002
2
76 1 518947401
167 1 460951844
2
234 1 784253062
312 1 736162554
2
344 1 636875149
248 1 941164471
2
275 1 190395972
136 1 72607992
2
70 1 677379603
94 1 907475167
2
304 1 714130916
286 1 883675156
2
210 1 509014487
165 1 32135892
2
180 1 1
180 1 100000
2
96 1 849220886
116 1 961329303
2
2 1 903523789
275 1 323523435
2
39 1 793774258
152 1 622833653
2
309 1 84630887
207 1 116896760
2
106 1 572194183
133 1 538059707
2
8 1 858368814
90 1 432324684
2
21 1 442374730
61 1 41655186
2
61 1 489197601
180 1 70912729
2
354 1 871199654
302 1 508956793
2
206 1 491021150
166 1 398048750
2
19 1 177089601
24 1 970712903
2
343 1 51359856
247 1 115130063
2
54 1 534563991
281 1 634154195
2
31 1 727770082
92 1 139511065
2
342 1 354122810
23 1 260277597
2
42 1 374173378
47 1 205972374
2
329 1 403989772
336 1 368574942
2
172 1 54891066
106 1 799938875
2
67 1 614077351
39 1 545005051
2
46 1 346485257
277 1 57995718
2
41 1 644554183
168 1 22524261
2
220 1 76982717
141 1 540929989
2
169 1 451948909
48 1 475177557
2
207 1 886190382
287 1 808792350
2
191 1 16506514
301 1 422245873
2
294 1 790508787
31 1 824711908
2
232 1 939389918
318 1 648798076
2
99 1 246976076
94 1 608920879
2
120 1 755017697
251 1 432199803
2
63 1 491511204
268 1 187957989
2
63 1 126294793
270 1 482418048
2
99 1 449305349
341 1 302414766
2
359 1 40000
157 1 71133
2
254 1 737578433
203 1 623585887
2
44 1 849892026
29 1 627928554
2
169 1 704341123
336 1 582760420
2
2 1 291933243
176 1 614273169
2
356 1 400000000
51 1 471197411
2
229 1 545921236
153 1 772156093
2
63 1 859808395
121 1 683606083
2
225 1 516178562
128 1 248866067
2
271 1 646940003
87 1 317878523
2
312 1 621382242
220 1 187202701
2
98 1 474518037
226 1 93895444
2
337 1 94257931
284 1 49935820
2
270 1 671600069
3 1 812929698
2
77 1 660881436
38 1 838318422
2
129 1 509540574
292 1 603729874
2
344 1 572470720
86 1 42286625
2
275 1 11542089
225 1 304535527
2
351 1 832212815
22 1 730337217
2
359 1 337835794
201 1 605443392
2
31 1 237496144
239 1 979926801
2
225 1 785957529
258 1 89472416
2
183 1 713395650
72 1 85351766
2
203 1 695047171
91 1 756489079
2
3 1 356081552
329 1 295462019
2
266 1 9291734
260 1 5281331
1
180 2 1
2
45 1 154210874
246 1 308734354
2
10 1 675578194
180 1 481283330
2
263 1 427301552
28 1 637757825
