100
138.22161 47.01475 511.97860
10.65504 42.57280 1032.27085
9992.31954 1.08260 99908.40943
148.83213 4.94600 375.49090
9993.08716 1.42825 99946.98051
1199.549 21.46540 965.76
295.0 100.0000 1055.3037
247.77997 9.32502 1158.90996
9995.97695 1.04342 99954.50208
5289.0 47.0 65764.0
9994.59903 1.03024 99989.62131
9992.58315 1.21198 99913.51150
1.04601 99.46043 99999.79117
4708.00000 2.00000 9416.00000
10000.00 7.0 72.121
531.5576 90.8495 706.50941
4541.0 95.0 86637.0
9991.74240 1.10133 99950.67519
9992.16406 1.47686 99968.04444
1.01161 99.09310 99999.16750
1.01261 99.23957 99999.41128
51.96625 93.75158 61.27939
9997.65985 1.27097 99969.17435
6283.00000 91.00000 6910.00000
974.06210 12.14422 273.78993
9991.14831 1.08740 99927.22459
9998.00007 1.09691 99909.05680
9996.26870 1.34049 99916.50261
7216.0 89.0 50501.0
726.90948 64.97185 463.66087
9990.14719 1.49049 99945.01096
85.33009 91.09116 219.71684
104.9015 18.15283 1163.7
1007.63918 47.36290 82.22294
1055.28504 54.77926 744.34974
1329.339 7.0817 378.944
9998.20638 1.11469 99994.41764
9998.24716 1.22846 99940.91035
1363.8 76.0 778.3999
237.0 98.17 1090.78243
51.22 85.2586 294.0
9991.18489 1.32679 99972.60886
363.0 58.0 52728.0
64.6 51.70 718.0
1170.39374 75.63614 751.06656
764.45495 40.92401 48.10709
1.07004 99.43764 99999.24476
5578.0 19.0 32633.0
9995.08451 1.00933 99910.55464
599.57120 63.98868 493.91066
3496.0 18.0 30730.0
7770.00000 53.00000 7891.00000
566.7 27.0522 597.34
9996.37074 1.37976 99931.20161
233.75394 79.07794 292.15206
3526.0 83.0 59613.0
2612.00000 2.00000 5224.00000
7086.00000 89.00000 7226.00000
146.482 32.0 373.6019
3113.00000 2.00000 6226.00000
5952.0 62.0 65828.0
9991.53834 1.31819 99926.70141
643.3784 46.0 94.29
1168.6 6.88 590.754
410.50721 6.44976 1114.14497
680.069 42.1 1032.0
1400.08090 95.79472 874.57217
8302.00000 2.00000 16604.00000
32.71265 5.59619 488.78073
9997.93377 1.23580 99905.83263
9993.58034 1.06315 99957.93504
9992.83450 1.03114 99902.43556
6845.00000 34.00000 7340.00000
6113.0 66.0 47926.0
9994.43093 1.45036 99920.07517
485.05328 75.55980 696.80676
9994.11015 1.22942 99902.75873
8782.0 54.0 76867.0
1184.60295 23.53960 515.24111
9993.44489 1.40117 99940.56765
9993.19285 1.23369 99938.61947
512.45818 8.01727 490.24720
1285.7089 17.73 845.0
9995.73852 1.04949 99973.66059
5726.0 52.0 21624.0
2496.0 24.0 26151.0
9998.47672 1.07171 99944.40042
9994.47810 1.05239 99932.10890
937.3587 86.0 794.657
9990.93940 1.38461 99910.71577
1187.79576 84.0 502.5
9994.03432 1.23500 99947.73337
594.14644 95.38795 662.34713
9994.00066 1.26766 99948.45777
9990.53252 1.38427 99944.18282
9992.51179 1.46755 99974.09938
9997.32902 1.29608 99996.95334
293.0 99.1841 100000.0
9991.42599 1.06957 99971.10382
994.0 37.0 86777.0
