100
320.61818 1.14263 1815.05647
495.91246 1.01747 1938.47125
496.71622 1.09719 1935.32641
106.3198 1.24 1547.82477
106.88 3.0 213.75641
191.98806 1.82592 1079.65492
31.90 2.1 2000.00000
47.0 2.22070 1874.0
149.16550 1.87708 1554.91026
41.0 1.32217 1349.4466
495.12594 1.44159 1906.44868
492.24613 1.39560 1996.63218
19.0 4.0 1981.0
492.46868 1.00068 1967.14188
500.00 3.0 1759.5174
496.73452 1.02897 1914.27836
483.00000 1.00000 490.00000
229.6507 2.22 29.784
490.02060 1.49540 1986.77634
160.0 2.0 597.0
498.58942 1.23596 1980.21331
480.00000 1.00000 481.00000
373.53657 2.64737 1018.39919
53.777 3.36 716.0
72.0 4.0 899.0
481.49297 2.67919 722.94426
496.13201 1.38613 1905.72332
494.64184 1.18355 1999.79280
88.077 1.0 36.72137
493.37559 1.46571 1996.12874
1.31175 2.73293 2.41184
269.93066 2.50811 187.04877
125.55265 3.02974 1519.97489
445.93953 3.9 1.0
495.89494 1.48105 1924.45686
379.19872 2.68262 1754.53241
468.00000 4.00000 513.00000
495.69783 1.23348 1923.05141
227.81044 4.000 1575.8
343.13293 2.89769 865.38037
1.0000 1.2396 988.0
371.30270 2.61033 798.08031
324.0 3.0 545.0
203.54013 1.80533 122.48482
117.00000 2.00000 234.00000
494.21750 1.13437 1936.09934
106.7 2.915 22.95
159.0 4.0 1690.0
239.40062 2.40877 904.19649
395.92345 2.20918 1667.79521
495.63549 1.47135 1948.65189
148.35844 3.54065 178.05036
424.00000 2.00000 848.00000
306.01 1.0 965.661
269.0 3.0 447.0
495.44699 1.49238 1924.71131
496.58849 1.07343 1924.03418
1.03071 3.25277 1999.99967
473.9 3.66 1250.68655
401.00000 3.00000 424.00000
364.94356 1.52404 1702.40204
1.09787 3.64275 1999.06307
266.0 2.0 605.0
498.90964 1.09442 1945.03788
422.00000 2.00000 844.00000
1.08769 3.30183 1999.73244
88.0 1.55 439.1667
26.0 2.0 444.0
360.88716 1.58341 85.11345
494.30705 1.10506 1949.14286
1.06008 3.09068 1999.55570
200.373 2.422 52.187
78.640 3.13501 567.3565
498.99628 1.31969 1987.15675
496.11709 1.12072 1939.53133
493.50059 1.28295 1979.10574
356.00000 2.00000 712.00000
496.14159 1.18605 1911.35171
497.34970 1.10604 1954.94220
112.09941 3.90200 940.41946
389.0 4.0 939.0
490.49088 1.16413 1943.08429
497.15458 1.39872 1990.95804
348.0 1.0 606.0
175.35727 1.04818 799.85431
497.11857 1.10043 1920.76877
494.94870 1.12775 1968.62707
491.78602 1.14743 1985.11735
428.0 4.0 1964.0
491.41696 1.15522 1907.23238
493.48878 1.31605 1943.47518
2.0 3.0 380.0
48.013 1.0 1134.0595
496.63150 1.07081 1971.03627
494.52588 1.33423 1972.85560
478.0 2.0 714.0
497.07011 1.05656 1952.22207
108.17431 3.14336 846.90385
241.79395 2.74315 1573.97826
490.16624 1.02904 1982.41671
