100
466.68881 1.92113 149.60848
492.69732 1.33839 1932.71153
491.56270 1.11746 1940.12872
38.42545 1.26695 888.22090
71.0 2.0 406.0
492.21791 1.06632 1922.99819
496.65541 1.41113 1991.81381
496.48704 1.27913 1949.09620
497.02768 1.44470 1972.72262
120.276 3.57597 699.3
500.000 1.3 475.4
490.72083 1.28843 1977.67468
498.88705 1.23033 1973.36219
406.0 2.0 951.0
67.74805 1.69976 55.07091
236.0 3.0 480.0
493.00816 1.30791 1912.83921
496.71230 1.20256 1991.66254
490.77367 1.21227 1946.52005
374.60040 3.58067 991.16503
352.55938 2.49893 1478.35426
495.49504 1.02377 1987.36696
369.2231 2.0 250.25607
325.34710 3.12856 1764.51019
493.71804 1.35680 1991.10636
495.56597 1.34652 1959.38899
491.54793 1.11105 1990.85160
486.566 3.51 630.05608
123.0 3.0 2000.000
492.86249 1.35143 1985.45682
497.41035 1.45761 1945.35189
498.85678 1.01905 1961.55048
269.9542 3.0 740.34833
1.06721 3.00413 1999.02530
194.00000 2.00000 388.00000
498.46279 1.35100 1954.76955
414.0 3.0 87.0
14.04268 1.63279 92.86406
314.0 3.0 1841.0
1.02661 3.61592 1999.73924
490.88298 1.32061 1931.14164
1.49047 3.51729 3.24680
347.24349 2.91587 914.20358
123.22187 2.39291 1392.29677
131.0 3.22 70.46
423.0 1.0 1459.0
1.02412 3.96337 1999.20750
492.50860 1.39384 1958.81551
181.0 1.0 300.0
490.13809 1.03478 1950.45786
491.56907 1.28340 1933.57692
318.0 1.0 1055.0
1.0 3.7939 1838.7
72.38536 3.0 921.0
51.27053 3.15327 1148.22567
21.00000 2.00000 42.00000
485.00000 3.00000 519.00000
298.0 2.0 914.0
400.911 3.48317 1052.9
498.0 1.0 1117.0
484.00000 2.00000 968.00000
473.8 3.0 567.770
1.07392 3.52150 1999.45075
490.90819 1.23507 1902.28685
376.41232 1.61331 1972.39052
495.62816 1.03460 1901.39656
492.15835 1.02469 1989.94724
498.88340 1.28715 1938.74771
487.3697 3.2656 1.00000
304.47088 1.52258 8.14194
360.0 1.0 1825.25
466.80372 3.66184 1590.53447
26.63798 2.93345 244.56886
352.1 3.5011 927.0
495.13890 1.10665 1988.25599
480.00000 4.00000 487.00000
498.72096 1.49469 1950.64107
412.7 1.834 1442.0
498.92813 1.37795 1964.60274
415.89 3.0 123.7
1.52137 3.48 106.2354
56.00000 2.00000 112.00000
417.20790 1.90118 1759.69687
435.56033 1.39315 1060.72679
496.19497 1.11115 1969.03164
496.21916 1.12442 1937.99589
430.0 4.0 1044.0
48.54170 3.34312 878.23689
345.00000 1.00000 373.00000
497.35639 1.48229 1960.51859
459.87453 3.40723 11.11626
288.0 2.0 1462.0
127.14505 2.28841 34.45281
490.29968 1.41889 1945.63070
393.00000 2.00000 440.00000
279.0 2.2861 1019.8
342.74290 4.0 569.60562
489.63124 2.53800 1653.01539
493.47595 1.49997 1955.22569
337.0 3.0 912.0
