100
1 2
01
11
10 10
1011110011 0110001010 0011000111 1100010110 0000101001 0100100110 1101111100 1010011001 0101001101 1011110000
0001000001 0111001101 1100010100 1001110000 0110100100 1010110111 1111111010 1000011011 0000101011 0111001110
10 10
0110100000 0001011100 0011101001 1101111010 0001000101 1000100010 1110010111 1100011100 0111101111 1010010011
1010010001 1000100000 0001011010 0100010011 0011110110 0101011100 1111001001 1100100100 1110101111 0011101111
8 7
1101000 1111111 1110010 1001101 0010010 1111110 1101111 0101000
1010100 1100111 1011000 0111000 1000101 1000010 1010101 0000010
2 8
10111111 11101111
10010010 11000010
10 10
0000011111 0100011101 0011110010 0001111000 1101000001 0111001110 1011100110 1010100011 1110010100 1100101001
0000010010 0110011000 0111011101 1011110101 1111001001 0001111010 1100100100 1000100110 1101000011 0010101111
10 8
10011101 11001110 00111000 01001111 01010001 00010100 11011001 01011100 00111010 01001010
11101100 01111110 00011010 10111111 01101101 01101000 00110110 01110011 00011000 11111011
5 5
11111 00000 11000 10010 01000
00011 10011 00100 11011 01001
2 10
1010110111 1010011010
1001011000 1001110101
8 10
1011100101 0101010000 0001011100 1010000010 0110111001 1111011000 1011110110 1001111101
0110010010 1011011101 0110000001 1000110100 0010111100 0100011001 0111100110 1100111000
10 10
0110010110 0101010011 0001001001 1011111111 0001101011 1000110100 1111011010 1110000100 0000100001 1110101100
0111011011 1001101010 0011100011 1110000100 0000100110 1000011100 1101001111 0110010001 0111111001 1000110100
2 3
111 110
011 010
4 9
101000111 010101000 001000110 110101001
110111001 010111000 001010110 101010111
7 8
00111001 11101110 01110011 10110110 10111110 11001101 01001100
10010001 01000110 11100100 01100101 11011011 00011110 00010110
2 4
1110 1100
1100 1110
4 6
100011 110111 001001 001100
001010 110100 110001 011110
10 10
0011100100 0111110011 0100111111 1000101000 0010111100 0000001010 1101000101 1111011011 1010000011 1101010100
0101111010 1110011110 0000100010 1001000101 0010001001 1000011101 1101010010 0111110101 1010101011 0111100100
8 10
1010110000 0001010101 0100010111 0000001000 0100000111 1010100000 0001000101 0000011000
1011001001 1010010100 1111000110 1010000100 0001110001 0001100001 1111010110 1011011001
10 10
1010011110 0001010000 1001101111 1100101101 0111000010 0111100111 1100011000 0011111001 1110100101 0000010010
1110110111 0111110101 1100001010 0001000010 1001111101 1010001100 0011101011 0000000000 0111010000 1100111111
4 9
011110000 001000011 000110011 111101101
100101110 110111101 001011010 101011000
5 10
1000100010 1110111101 1000001010 1110000000 1001010100
0011111101 0101001010 0010100011 0011010101 0101110111
1 9
101100111
101001000
2 6
001111 010110
110010 101011
1 8
01100101
00000010
9 8
01010110 11011100 00011100 11110000 11001101 00111111 01100000 10111011 00001011
10110001 01110110 00000111 01001010 10011111 01010001 00110011 00001110 10010111
1 4
1101
0110
8 9
110110100 001100001 100010000 100000101 110000000 001111100 111100001 101100101
011010011 011011011 111010101 011000010 110011011 010111110 100110110 110011111
10 10
1010100011 0110010101 1001101011 0111101000 1111011000 1111000001 0000001111 1101111110 0000110100 0000010110
0111010110 0001110111 1000111010 0111110100 0111101101 1110001001 1010011100 0000001010 1000100011 1101000001
10 7
1100111 1010100 0100111 1010011 0010110 0101011 1110011 1000011 0100001 0101000
1011111 1101000 0101101 0011001 0001101 0101010 0111101 1010101 1010110 1011001
8 7
0010100 1110111 1100001 1000101 0001110 1101000 0011110 1100000
0101001 0111001 1001111 1010000 1100010 0110011 1000111 1000110
10 10
0000010010 1111000111 1000010100 0101000011 1111101111 0011001100 1000101001 0100110010 0011111100 1110111001
1011100101 0111110110 1011001101 0001001001 1010110011 0111000110 0100011000 1100011110 0000111000 1100100011
9 9
101101010 101000010 111001001 100001011 110011001 011101001 100110000 001110101 101100000
111010110 010110000 110001010 100100000 010111010 010010011 010001110 100110110 011000111
10 10
0000110111 0000100101 0100100110 1101011001 1110011010 1111011101 0111011011 1010101010 1011000000 0001100100
0110111011 0010001011 1001000101 0111111100 1111111010 0011100001 1000010110 0101111000 1100000111 1000000100
10 10
0010101011 0011010010 1111000001 1101011101 1100001100 1010110011 1101110100 0010101100 0001010111 0100101010
0100111001 0101000111 1011001000 1100100110 0100111110 0010111111 1010011001 1001010100 1011100001 0111000010
8 5
01100 10011 11011 01001 11110 01111 00001 11101
10100 11010 10111 00101 01000 10010 00000 00110
10 10
0010110011 1101111000 1110101111 1011000110 0000001111 0001001000 1110010000 0001010111 0100100001 1111111100
0110001110 1011000001 1101010011 0100001010 0111100010 1000111010 0010110100 0111011101 1000100101 1001111101
10 10
0111110011 0010011011 1010001100 0101001001 0010100100 1001101000 1010110010 1100110101 1101001110 0101010111
1000010000 0111110101 1111101100 0111101011 1000101110 0000111001 1011001010 0000000110 1110010111 0101010001
2 10
1100101110 0000110011
1010001110 1101010011
6 10
1011000011 0101111100 0101111000 1011010011 1011010111 0101101000
1010010011 0100111000 0100111100 1010010111 1010000011 0100101000
2 5
01010 01111
01110 01011
2 4
1000 0010
1001 0011
10 10
0110110110 0111101101 1100001011 1001111111 0010000000 0011110001 0110011010 1101000101 1001111000 1000000110
1111101001 1010000100 0100010001 0001100010 0101101111 1011011111 0000101100 0100010110 1011110011 1110011000
2 6
001101 000101
110001 000110
2 10
1110100110 1100100111
1001101111 1011101110
2 6
111100 010111
101000 100001
4 8
00111100 01001111 01110101 01111010
01111010 10001110 01010111 01111011
4 4
1110 1101 1010 1001
1110 1001 1101 1010
10 10
1000011111 0100100000 0100111001 1111000110 1001000111 0011101001 1111010001 0001111010 1110010110 0010101100
1011001100 0000100100 1100011100 1110001111 0110110010 0000110011 0001100011 1101011001 0111101010 1011010101
4 5
10100 01100 01011 10011
10100 01100 10011 01011
2 5
11101 00100
10101 11000
9 7
0000101 0000001 1100100 1100111 1101111 0010100 0010110 1000111 0011100
0101011 1101001 0000000 1000011 1011100 0111010 1011111 0111100 1011010
2 10
1001010000 0001000001
1010111110 0010101111
2 4
0010 1111
1101 0000
6 3
100 101 001 000 111 011
000 011 001 101 111 100
10 10
1111100101 1010001101 0110001011 1101001001 1011111010 0001110100 0101110011 0100010000 0010101110 1000010110
1010011110 1000000101 0001100111 1101011010 0100000011 0101100000 1111110110 1011101001 0110011000 0010111101
10 10
0000001010 1010101000 1001001100 0100001011 1100011101 0011110111 0111110100 1001110110 0111000011 1110110001
0000010001 0101111010 1011001111 1100000110 0010111101 0101000000 1000000111 1111111011 0110100100 1011111000
10 10
1100100010 1010001010 1111010000 0000110100 0011111101 0101011110 0011000101 1111101101 1100010011 0000101011
0100000111 1110110100 1110001001 1101001010 1011010011 0010100100 1101111011 0010011100 0001110010 0001101101
1 9
000001110
110001101
10 9
100010011 010101100 110011111 110000001 110101001 111111110 110000100 111110100 010111010 001011010
000101110 110000000 001000101 101100000 000100100 101110110 001110011 001011110 001011011 011001001
10 10
1110100001 1000011011 1001000100 0011111111 1000001000 0011100100 1101010011 0101100110 0110011100 0110111011
1111111111 0010111010 1001000101 0010100001 0111000010 1000011010 0100111000 0111100101 1001010110 1100001101
8 10
0000011000 1010111110 0101001100 0100111001 1011100111 0110110100 0111110000 0001011011
1111010010 0100011111 1101101011 0000111111 1100110110 1101100101 1111001111 0110011011
10 10
0000001010 1111111001 1100000101 0011111111 0011101100 0011011000 0101100011 1000110110 1110000101 1100010010
1111011001 0011011111 0010100011 1111001010 1100101100 0000100011 1111111110 1001000101 0000110100 0100010000
4 5
11010 11000 00011 00100
01011 10111 10101 01100
10 4
1110 1010 0010 0011 1111 0111 1011 0110 1001 0001
1111 1011 0110 0111 0000 0011 1010 1000 0010 1110
2 3
000 100
100 000
10 10
1110111100 1100010110 0000110001 1101010001 0111100110 0011001001 1000011000 0011101011 0000001110 1111100111
0111111001 0000000110 1011110101 1000101111 0110100010 1111111000 1000010000 0101001111 1011010111 0100001000
10 10
1010011110 1110010000 1100111011 0011101111 0001000110 0001101011 0110110000 1111010101 1101100101 0000001000
0100001101 1010110011 0100100000 1111111000 1011110110 0110001001 1000000011 1001011101 0101101110 0011010110
4 4
0000 1111 1100 0011
1101 0001 1110 0010
10 10
0000101101 1010010010 1100110101 0101010000 0000000111 0101000100 0011111000 1110111011 1111001011 1011101110
0000111010 1010100001 1111011100 0101100011 0011000100 1100001001 1010110101 1111110110 0100011111 0001001010
10 10
0100111110 0011100100 0101111010 0110111111 0100011010 0111111110 0000100100 0001100000 0000000000 0010100101
1000000101 1010100000 1100011111 1011100001 1110111010 1101111111 1000100001 1001100101 1100111011 1111111011
10 10
0011011010 1110100111 1000011111 1101101000 0111011001 0010000000 0110100000 1101111111 0000110111 1001000100
0001000101 0111111101 0110100110 0010011101 1101100010 1111010101 1000111011 0010001010 1001000010 1100111000
2 8
11111011 10101010
00101111 01111110
2 10
1010001101 1010001111
0000001000 0000001010
2 4
0110 0100
0110 1110
2 8
11110110 10011111
11111101 10010100
4 3
001 100 110 011
101 111 000 010
1 4
1111
0001
6 5
00000 00110 11011 01111 10010 01001
01111 11011 00000 01001 00110 10010
10 10
0010010110 1100001011 1100000100 1011110011 1001100001 0111001110 0001110001 1010111100 0101101001 0110011110
0010000100 1110001100 1100011110 0001110011 0110011100 1011101001 0000100011 1011100110 0101111011 1101010001
9 10
1111000000 1101011110 0001101101 0100001000 1010001000 0110110000 1011000101 0111000010 0111000111
1010010000 0001101110 0110101010 1111100100 1000010101 1101011110 1111101111 1010101010 1010101111
2 9
000101000 111101000
110101110 011001000
8 9
110100010 110001101 101011011 010001000 101011010 110001100 110100011 010001001
101110001 001011011 101011111 110001001 101110000 101011110 001011010 110001000
9 9
100100011 111100101 101100001 000000000 100001100 010011000 110010010 110010011 101010000
010110111 101010111 111100110 100110000 001011011 110001000 111001110 011010000 101101111
4 7
1101101 1101111 0101000 0101010
0100001 1100110 1100100 0100011
2 4
1011 0111
0110 1010
1 4
1101
0000
1 8
10111100
10010011
10 10
0011000011 1000000100 1101001100 0001010111 1101111111 0110110100 0100001000 0011110000 1110111011 1010101011
0000111101 1110001101 1100100010 0010000001 1000110010 1011110110 0101111001 0111011110 1011000101 0101001010
10 10
1010110011 0010000001 1001011111 0111111010 0110001101 0100110001 1001101100 1100000100 1011000110 0101111010
1111101100 0001101001 1001011011 0110010010 1010110111 0100010010 0101100101 1010000100 1000101110 0111011001
10 10
1111010101 0101001110 0010111001 1011111111 1001110010 0000100000 0100001001 1010111010 0111000111 1100000100
1001001011 1101100001 0111111010 0101110011 1011000110 0110111101 0000001101 1000001110 0010010100 1110110000
1 4
1000
1001
1 7
1001110
1000111
8 7
0000010 1000000 1101001 0101011 0000110 1000100 1111101 0111111
1010001 1000101 0010011 0000111 1111100 1111000 0111010 0111110
6 4
0000 1111 1011 1001 0010 0110
0110 1111 1011 1101 0010 0100
2 8
11001011 11001101
10110010 10110100
2 9
111110111 101001110
111011000 101100001
10 10
0100110101 0011101100 1101100100 1101011100 1010001100 0000010011 1011001010 0010111011 0101010011 1110100011
1011011010 0101101010 0000000011 1001110010 1111111100 0110010101 0001000101 1110011010 0110101101 1000100101
10 8
00111000 00110000 10101100 01011001 01010101 00101000 01001001 11001101 00110100 01010001
00101010 01010111 01001011 00110010 01011011 00110110 10101110 01010011 00111010 11001111
1 4
1100
0001
4 10
1101110011 1010100110 0001010110 0101110111
0111011000 1100100111 0011100110 1110011010
