100
1 2
10
11
4 9
111101111 111101011 001100011 001100111
000000110 110001010 110001110 000000010
10 10
0100001011 0011111001 1011111100 0001111000 1110101100 1010110111 1101000001 0001010110 0100000011 1110000110
0100010111 0110010110 0011100101 1100010010 0110111000 1010101111 1101011001 0011101101 1001101000 1001000010
10 10
0000111011 0001000101 1000100110 1111101010 0111110001 0001011100 1011000001 0110111111 1100011110 1110000000
0111001101 0011100110 0100111001 0110100111 1001111011 1110011000 1000011100 0000000001 1001100010 1111010110
10 10
0000000010 1110110000 0110111010 0100010111 1011101100 1010111001 1001000010 0101101101 1111001111 0001010101
0011100000 0110100010 1011110111 1101111010 0111011000 1001011001 1100000101 0010110111 0100001111 1000001100
2 4
0101 0000
0000 0101
10 10
0100100010 0011011101 1010011100 0010110011 0100010101 1110101010 1101111000 1101000101 1011101110 0001000011
1011100010 1000010010 0100010100 1010001100 1101000100 0100101001 1101110011 0111111011 0010111111 0011001101
2 3
111 101
110 100
4 6
010111 110100 100110 011010
001000 000101 111001 101011
10 10
0011011100 0110110101 1100010000 1000100010 1011000100 0001101011 1111101001 1100111111 0101011010 0010000111
0110011010 1100010000 1001111001 0010000111 0110110101 1111111111 1000100010 0001100001 1011001110 0101001100
4 7
1011101 0011011 0111111 1111100
0011100 0110111 1011110 1111000
10 10
1001010100 0011101101 1100011001 0011111011 1111000110 0110110111 1000100110 0010000011 1101101000 0100011000
0001100010 0001110100 1110010110 1111100111 1011011011 1101001001 0110010111 1010101001 0000001100 0100111000
6 4
0001 1101 1110 1001 0010 1010
0101 1010 1001 1110 1101 0110
10 10
0011010110 0011010011 0100111000 0100011010 1111010111 1101111100 1111110000 1001111000 1011001011 1110111110
0100000100 1111101110 1000100111 1000100010 0000111111 0101001010 0100100011 0010001100 0110001000 1111001100
10 10
1011000010 1011011110 0000000001 0000101111 0111001100 1000000100 0100111010 1100111101 1111110001 0111110011
1100001000 1111000100 0011111000 0011010110 1000111011 1000100111 0100001010 0111000011 1011111101 0100110101
10 10
1111010110 1111111110 1000011101 0101110000 0011101111 0100000010 0010101000 1110000001 1001110001 0000001111
1100011000 1011101000 0101100110 0000011001 1010111111 1101110100 1010010111 0110000110 0001101011 0111000001
1 10
0101001011
1101101011
10 10
0101010101 0001000001 0101100110 1100111100 0100100110 1010111001 1010010010 1011011001 0010101011 1111001110
0000000010 0110000111 0011110000 0111100111 1001101011 0110101100 1110010101 1000011000 1001011000 1101111111
9 9
000100010 001000011 110111010 110100011 000111110 010011100 100000010 110100100 010001001
101000000 111100110 011011110 111111000 001111100 001100000 011001011 000000001 111100001
1 7
0101101
1001011
3 7
1110001 0010011 1111110
0010000 0110101 0111001
10 10
0000011010 0011000011 1000000101 0100110100 1100111111 0111011110 1111101000 1001110111 1010000000 0111101001
1100001001 0001010111 1111100011 1011001101 0100111111 1100111110 0010100000 0111101000 1000010100 0011010010
10 10
0101011010 0011100011 1010111101 1100110000 0100000111 0001111100 0001000100 1111001001 1010111011 1110000110
1000110010 0111100001 1110111111 1110111001 0101111110 0101000110 1011001011 0001011000 1010000100 0000000101
10 10
0000111010 1010010110 0001110100 0100101011 1111000101 0011011000 0000101001 1110000001 1101010111 1111101110
0001110011 1111001110 1011011001 0101110001 1000001111 0110000000 1010011101 1010110110 0100101100 0101100010
10 10
0011010000 1000001001 1110011011 0010010110 0111110101 1100101100 1110101111 0001111010 1001000110 0101100001
1000110110 1101011100 0001111011 0111001010 1010000001 0101100000 1100010011 1010110101 0011101111 0110001100
10 10
1101010011 0100001100 1011110110 1110101000 0000000111 1010111001 0100111100 0011001110 1101010001 0011100011
0110110001 1011010111 1000101110 1110001001 0001110011 0101111000 0110011100 1111000110 1000101100 0001000011
10 10
0100111101 1110000000 0000111010 1010011011 0111100110 1011100101 0101001000 0101000110 1001111111 1010010001
0000000010 1110101111 1110100001 0001110110 0101100111 1011011101 1111011010 0010011000 1100000001 0001111100
3 7
0010101 0011011 1010011
0110101 1110011 0111011
7 9
000101011 111101001 000111000 101011110 011011100 100001101 010000010
101000000 100010011 001100110 011001111 110100100 001110101 010010001
10 10
0111110110 0011011011 1000010101 0100000000 1111001110 1000101111 1011111001 0010001110 0100110001 1101100000
0011110101 0111000010 1011010111 0101101100 1111111010 1100111101 0000100011 1010000010 1100001100 0000011001
2 4
0100 1001
1100 0001
10 10
0110000010 0001100100 0010011101 0100110111 0001001010 1111111111 1011100001 1100111001 1100011110 1011000000
1010111101 0100001000 1111000000 0111001110 1001101010 0111101001 0000010110 1010010011 1101110101 0000110111
4 8
11100101 11100111 00001000 00001010
00001010 11100101 00001000 11100111
4 10
1011011001 1110000100 0010010010 0000010100
0110010010 0100010100 1010000100 1111011001
8 10
0010011101 0110110000 1100100000 1110100000 1000001101 0110100000 0010001101 1010001101
1001011111 0101100010 0111100010 1101100010 0001001111 1001001111 0011001111 1101110010
5 8
01000010 01011010 10110000 10010110 01000100
10111001 01001101 10100111 10111111 01101011
4 8
00101100 11111101 10111111 01100000
01000001 10011110 11010010 00000011
3 10
0111011101 0101001011 1000001001
0011100001 1010001000 0100010110
10 10
0001110110 1010011100 0000101101 0111010011 1010000010 1001101000 1100110101 0101000011 0110111001 1111001110
1000101011 1001110000 0011000001 0000110101 0110010011 1110001110 1111100100 0011011111 1100011110 0101101000
1 2
00
00
6 5
11001 00011 10100 11111 10001 10000
10000 10101 10001 11000 00010 11110
10 10
0110110001 0011101111 1011000100 1111111010 1001101110 1010011011 1100010001 0100101110 0100010101 0001000000
1110101100 1011000010 1001101101 1110010111 0110010011 0011101100 0001000110 1100110011 0101111000 0000011001
2 8
00110010 00101010
11110110 11101110
2 3
111 011
100 000
10 10
1010011011 0111100110 1111111101 1101011100 0001011001 0000110101 0100100000 1110001110 1010000010 0001100011
1011010000 1011001001 1110110110 1100010111 0110101101 0101101011 0000010010 0001111110 0000101000 1111000101
2 9
110010011 001011110
111101001 110110110
10 10
1110101001 1101100000 0010010101 1101001111 0011010011 1010111110 0100001110 1000110000 0011001111 0101110000
1100001000 0010111000 1101110110 1011010101 0101100110 1010010011 0101001001 1011001001 0000110110 0110101111
8 8
00011000 00000000 10100001 10110001 01011100 00010000 10111001 11111101
11110011 11111011 00011110 01000010 10111111 01010010 11100011 01011010
7 7
1001110 1010001 0011110 1110000 1011101 1010100 1011011
0101010 0001011 0000001 1000100 0001110 0010100 0000111
2 8
00000011 00101000
01100111 01001100
4 4
0010 0110 1101 1110
0000 1100 1000 0011
3 9
011100111 010000100 110011000
001011001 100100110 101000101
2 8
01101100 10001000
00110111 11001111
4 9
110101001 101100011 011010111 101000101
000110111 100010110 001111000 110010011
10 10
1001101110 1100011011 0011000101 0110111100 0001000010 0110101110 0010010011 1110110001 1101111100 1001000001
0101101010 1110010111 0010110101 0000011111 0101000101 0001111000 1111000001 1101000110 1010111000 1010101010
2 4
1010 0000
1011 0001
7 5
11001 01101 01000 01111 00010 11100 01010
00101 01111 00010 10001 00111 00000 10100
4 9
010111011 010111001 111000110 111000100
101000100 101000110 000111001 000111011
8 8
11001101 01011111 10011110 00001111 01111100 11111001 01101110 00011000
11011000 00010000 01011001 00111010 10100110 01101010 11000110 10011101
7 7
1001111 1101111 1110010 1111110 1000100 1010000 0101010
1011011 1111001 1001100 1000010 0110100 0010010 0111100
1 10
0111001110
0111101110
9 6
100010 010110 010111 000111 000010 100001 000100 111110 010001
101010 010001 100010 101000 000111 100101 000011 100000 000101
2 8
11101011 00101010
00111010 11110000
10 10
0111000111 1000001111 0101110000 1010111001 0010001010 1111011111 0000111011 1101100100 1000000100 0111110000
1000011010 0101010011 0101100100 1010100111 1010101100 0111010011 1111000111 1101111100 0010011000 0000101001
8 8
11000110 10010001 01110100 10001011 10100111 11000010 10100110 11111111
00111101 10000101 11001111 11001010 10001001 00110010 00101011 11110100
10 10
1010011111 0111000010 0100000101 1010101001 1001101100 0101100001 0000010011 1111111110 0111111010 1000010100
1101000011 0000110110 0001010010 0101000100 1111001000 1111111110 1010101001 0010101101 1100111011 0010010101
10 10
1011111111 0010100001 0011001011 1100011000 0001000101 0100111111 1110110100 0101101110 1101000010 1010010000
1100001100 1010101001 0111010110 0100100000 1101011101 0010011101 0011110010 0101111010 1000100111 1011000011
10 10
0001010000 0001000111 1100110110 0000111111 0110001011 0110101010 1100001101 1011101000 1011010000 1111110101
1110101011 1110001010 0111010101 1001110000 1000011111 1001100111 0100010110 0011110000 0100101101 0011001000
10 10
0100110000 0111011001 1011100011 1110011100 0000100110 0011000111 0011001101 1100011010 1100101110 1001110001
0101111001 0010001110 1111001111 0001100111 0101110011 1010010000 1010100100 0110011000 1101011101 1000100010
10 10
0111001001 0111010001 1011111100 1100110010 0010011111 1101100000 1000111001 0101101111 1000000110 0010000110
0010111101 1000000010 1100001001 1011000111 0101010100 1101011011 1000111101 0111110010 0010100100 0111101010
10 10
0101010000 1101101010 0010000100 1110110010 1100000001 1000001111 0010101111 1011010100 0111111001 0001111111
0111001111 0010101001 0100010111 1110000100 1000000010 0001110010 1100101101 1011010010 1011111001 0101111100
4 5
10010 10011 00100 11100
01000 01001 11110 00110
4 3
100 011 001 110
010 101 000 111
4 6
001000 111111 101101 100110
110000 110110 100110 101011
2 8
11111101 10100010
10000010 11011101
6 9
101000101 101110111 010010110 100011100 110100100 011111110
010101111 010010000 001110100 100100110 101010001 111101110
10 10
0001111101 0000000110 0010100001 1000010100 0110010011 1101111010 1111101110 1110100001 1111001011 0001011100
1001010101 0111010010 1100111011 0001000111 0011100000 0000111100 1111100000 0000011101 1110001010 1110101111
1 8
00101100
11011011
6 9
010110011 110010111 100011100 111000111 000111000 011100011
010101001 110001101 100000110 011111001 000100010 111011101
9 7
1001000 1001110 1100001 1010010 0010000 0101000 1111010 0111010 1100000
0011111 0001010 0011010 1000000 1101001 1110100 1110111 0111000 1110110
1 2
10
00
10 10
0001110001 0110101110 1110001100 0110001110 1001001011 1001001001 0001001011 1110001110 0110110100 0001101011
1001101011 0001001001 0110001110 1001001011 1001110001 1110001110 0110001100 1110110100 1110101110 0001001011
10 10
0111001101 1101110111 0000001001 0010111101 1100000010 0011010010 1110101000 1110101111 0001110100 1001010010
1011010110 0110101000 1100010010 0101110000 1000001101 1001100010 0111011101 0010001101 0101110111 1010101011
10 10
0111001110 1110010100 0011111001 1001010000 1000100010 1001001101 1110100011 0000111100 0111010111 0100101011
0000010010 0001111101 1010100110 1101110100 1110010001 0111001011 0000001111 0111111100 1110001000 1001100011
2 10
1100001010 1100101110
0011000001 0011100101
10 10
1101001101 0000000110 1111001111 0100111010 1110110101 0001110010 1001000010 0011111001 1010101101 0110010000
0011101011 1010111111 0110001001 1001000000 0111110011 1000110100 1111010110 1101111100 0000000100 0100001011
10 10
1011000101 1100011100 0011110110 0000011001 1110100101 1010110010 0011001001 0101100110 0101001011 1100111010
1010100011 0011111111 1010001110 0001100000 1100110011 0101110111 0100000000 1111011100 0011011001 1100001100
8 9
010100000 100110000 010101001 111011111 011101011 101110010 110011101 011100010
111101111 011010010 010010000 010011001 101000010 100000000 110101101 011011011
7 8
11001101 10100110 10111010 01111110 01011011 10111000 11001000
11010010 01101010 00010011 10001001 01001100 00100100 11011110
4 6
100011 100001 011011 011001
011011 011001 100001 100011
10 10
1110110100 0010011101 0101101011 1011000100 1100100010 1011101111 0000111000 0001010001 1111001010 0100010111
1001001101 1011101000 0000010100 1010000001 0111110010 0101100100 1110111011 1111000111 0100011010 0000111111
10 6
000001 000110 111111 100001 011011 001010 011101 001001 101100 000011
111110 011100 001000 000010 001011 101101 011010 000111 000000 100000
2 7
0010101 0101010
1000101 1001010
6 7
0100110 1101001 1100101 0001001 1000111 1110110
1111110 1001111 0000001 1101101 1100001 0101110
2 6
010110 101010
101000 010100
10 10
0000000001 1011110110 1111100010 1000011101 0101001111 0110111001 1000001000 0111000010 1100110100 0011111111
1001110110 0010010100 0001111111 0101101011 1010001000 0110111101 1100110000 0010000001 1101001011 1111000110
10 10
0011111111 1110110001 1100001110 0110100110 1111110101 1001000010 0001001011 0000100000 0111011100 1000011001
0000000100 0111111000 0100100111 1111000001 1011010110 0001111110 1000101101 1001101001 1110011010 0110010011
3 10
1110011101 1011110101 0111100110
1011100101 1110001101 0111110110
5 8
01000110 00011001 00010011 00010101 00010001
01001101 01011010 01100110 11011110 01110011
8 8
01011110 11100001 00000110 00000100 00100000 01111010 11000101 00100010
10011100 00000111 00100011 11100000 10111000 11000100 11100010 11000110
