100
4
10 5 15 5
2
100 100
8
81 81 81 81 81 81 81 0
6
23 90 40 0 100 9
2
0 0
10
100 0 100 0 100 0 100 0 100 0
10
100 100 100 100 100 100 100 100 100 0
5
95 89 52 26 64
6
28 86 50 69 10 65
7
95 23 95 80 62 63 80
8
16 75 31 82 57 64 65 74
9
86 4 43 22 29 7 58 38 24
10
59 74 79 70 5 60 50 82 75 27
10
18 48 92 90 40 2 70 30 28 50
10
79 60 80 17 81 95 49 87 90 39
10
18 73 58 77 69 47 79 44 51 18
10
82 56 32 25 30 94 49 33 45 35
10
53 53 27 66 31 57 99 37 9 93
10
96 32 56 85 30 18 4 75 66 24
10
51 64 98 1 81 64 71 61 60 68
10
14 35 73 33 98 56 84 77 31 31
10
60 16 82 31 80 23 87 26 83 62
10
12 65 57 15 73 69 94 79 17 88
10
32 96 86 95 39 36 92 1 9 21
10
70 91 12 48 17 23 18 30 63 53
10
2 72 85 78 14 45 32 65 3 88
10
55 25 36 80 87 62 97 71 26 38
10
76 60 22 25 31 33 93 29 11 75
10
15 83 51 2 97 96 37 22 95 17
10
70 80 52 61 51 55 10 27 62 91
10
43 3 49 57 10 69 71 42 83 5
10
13 33 99 45 47 59 11 38 46 59
10
60 70 66 77 88 9 55 70 31 72
10
68 99 37 73 84 8 61 22 46 7
10
70 18 70 55 92 23 94 46 73 73
10
16 52 46 98 33 19 73 62 88 65
10
27 5 83 8 17 54 12 99 84 55
10
37 86 73 27 22 84 61 90 15 40
10
56 78 7 78 18 87 5 86 14 45
10
64 10 77 40 38 10 46 76 95 12
10
28 72 63 79 42 82 85 49 61 98
10
75 96 85 67 55 45 23 72 66 12
10
85 64 86 44 35 69 56 10 45 75
10
26 22 24 92 43 86 53 12 19 64
10
16 50 64 4 74 0 17 97 13 7
10
13 22 41 41 54 21 52 51 90 22
10
92 5 83 59 80 72 12 26 66 20
10
7 9 67 15 33 84 65 38 71 29
10
31 3 92 5 88 49 96 54 66 46
10
17 48 37 79 28 84 24 57 46 22
10
51 96 8 23 16 5 62 38 18 28
10
32 97 48 91 23 56 26 34 35 4
10
23 50 12 40 94 17 78 45 36 78
10
38 9 38 76 93 16 44 25 20 73
10
49 6 81 8 44 9 87 48 23 92
10
20 46 19 95 43 25 98 8 23 70
10
26 66 77 39 11 60 74 54 80 29
10
3 99 56 25 79 11 41 13 24 90
10
91 13 27 53 71 17 56 60 21 17
10
6 30 14 15 20 99 73 79 13 74
10
62 13 45 87 53 60 39 50 2 21
10
98 99 14 58 62 29 93 33 54 36
10
77 64 38 42 86 97 37 68 90 39
10
87 26 92 44 26 28 35 1 96 79
10
61 95 56 81 39 75 38 1 56 23
10
26 23 37 16 21 43 16 24 26 65
10
59 16 90 97 32 71 96 30 92 23
10
9 40 3 59 34 19 66 30 38 83
10
0 37 60 24 7 39 68 60 22 38
10
57 81 7 75 16 12 9 16 56 6
10
31 56 93 73 98 20 72 58 50 33
10
29 47 47 99 60 81 22 48 86 22
10
41 88 88 73 32 32 65 65 47 31
10
74 95 35 94 40 11 39 51 21 5
10
69 58 75 78 91 95 18 12 96 45
10
8 52 77 81 90 34 97 59 75 54
10
32 88 46 96 44 89 49 63 92 9
10
34 29 69 53 29 5 58 21 10 41
10
4 1 38 31 87 10 36 20 41 82
10
72 18 74 28 25 30 17 98 82 29
10
99 17 94 62 23 98 45 59 3 70
10
10 18 81 33 36 64 40 57 26 21
10
79 55 16 7 73 2 10 8 91 8
10
24 96 39 73 98 95 80 44 56 61
10
49 72 18 47 1 66 47 1 2 53
10
13 94 14 61 44 91 7 74 42 93
10
90 36 63 90 96 69 3 27 25 10
10
59 52 37 12 37 71 26 29 73 61
10
75 85 6 92 29 78 34 77 12 96
10
35 4 84 15 39 34 11 8 29 89
10
30 94 95 97 54 7 88 21 84 37
10
10 7 49 32 89 39 86 4 8 89
10
99 3 35 89 61 83 75 82 65 82
10
53 15 75 14 38 22 22 53 23 33
10
55 76 83 70 63 2 18 4 90 37
10
85 82 7 46 83 86 97 76 43 15
10
11 55 57 31 95 48 40 44 70 92
10
24 26 13 44 7 30 29 35 6 46
10
37 25 70 42 37 62 91 17 12 29
10
27 5 62 46 74 54 18 97 95 94
