100
2 4
10 5
3 12
7 7 7
3 12
4 2 1
5 1000000000
25 25 25 25 25
2 2
1 1
5 5
1 1 1 1 1
5 448257424
1 2 3 4 5
5 915742169
18 7 21 11 25
5 374865033
15 15 15 15 15
5 30530413
25 25 25 25 25
5 424771851
24 24 24 24 24
5 734881540
7 7 7 7 7
5 711915611
8 8 8 8 8
5 726814466
12 12 12 12 12
5 862295372
13 13 13 13 13
5 385213113
21 21 21 21 21
5 951123646
22 22 22 22 22
5 770538846
25 25 25 25 25
5 750553820
5 5 5 5 5
5 919465609
25 25 25 25 25
5 548838243
14 14 14 14 14
5 639116147
23 23 23 23 23
5 315637124
24 24 24 24 24
5 514740548
3 3 3 3 3
5 816547642
6 6 6 6 6
5 750211594
2 2 2 2 2
5 315549913
4 4 4 4 4
5 347278857
1 1 1 1 1
5 515653287
6 6 6 6 6
5 208949025
8 8 8 8 8
5 400518261
7 7 7 7 7
5 163913220
18 18 18 18 18
5 863055566
4 4 4 4 4
5 221065902
1 2 3 4 5
5 556862965
1 2 3 4 5
5 279977796
1 2 3 4 5
5 514231377
1 2 3 4 5
5 12524274
1 2 3 4 5
5 876022201
1 2 3 4 5
5 392546209
1 2 3 4 5
5 965848557
1 2 3 4 5
5 28727041
1 2 3 4 5
5 656026448
1 2 3 4 5
5 141612825
1 2 3 4 5
5 218212901
1 2 3 4 5
5 559408606
1 2 3 4 5
5 420910791
1 2 3 4 5
5 551581137
1 2 3 4 5
5 346288374
1 2 3 4 5
5 546726377
1 2 3 4 5
5 602840938
1 2 3 4 5
5 710634347
1 2 3 4 5
5 335511147
1 2 3 4 5
5 890780278
1 2 3 4 5
5 219062277
1 2 3 4 5
5 179180524
1 2 3 4 5
5 725787414
1 2 3 4 5
5 931572796
1 2 3 4 5
5 812577506
9 7 22 13 19
5 7304639
7 15 10 9 17
5 363620789
12 15 19 23 22
5 485527668
22 16 1 6 4
5 566537406
7 1 3 14 3
5 27942009
20 14 6 24 10
5 261351553
9 25 7 3 24
5 59737543
9 24 4 15 1
5 283344049
19 5 8 17 13
5 610378080
3 21 24 11 14
5 656093687
11 25 23 8 14
5 332025155
25 5 14 22 7
5 332458545
21 11 17 4 19
5 962475375
9 14 21 23 5
5 196901908
5 2 21 21 12
5 237612239
24 18 19 3 14
5 566765548
15 9 13 10 15
5 306360037
9 9 7 22 18
5 508847725
5 6 5 16 18
5 449989448
13 18 14 7 18
5 156411946
18 25 22 9 21
5 335694272
21 10 10 9 18
5 513583689
18 11 3 6 12
5 166116943
7 22 19 3 8
5 77112984
2 19 14 17 16
5 348058599
4 22 19 13 3
5 430320861
7 20 16 6 5
5 980782604
12 9 8 18 14
5 608567705
21 24 20 12 19
5 309414297
21 25 23 21 18
5 123030604
3 17 9 24 19
5 445694987
7 24 19 8 20
5 902510824
17 17 4 2 9
5 375010769
11 19 21 19 23
5 502309938
20 2 5 3 6
5 616079102
10 5 23 17 7
5 449702892
18 4 11 15 9
5 522400010
8 20 19 17 5
5 701765919
6 8 6 18 11
5 150884142
24 6 10 21 13
5 669280145
16 3 9 6 7
5 388848920
14 17 17 9 8
