100
5
0 0
10 0
10 10
0 10
5 5
15
787320 -514092
45933 -833553
-540999 -433405
-155314 -635216
-17423 -623002
-722567 -140412
979937 199283
10387 -924500
788028 -588162
370894 -177063
-449354 -556187
-879431 -530420
959934 285545
773760 236667
-882014 -135508
15
16727 -322056
-104802 661308
35346 310844
-586648 576960
-213983 -880720
-329239 -688176
-136074 851894
-350858 -494269
-521229 -119248
-949890 76370
673678 -739766
-43862 749029
-913814 257858
12761 -25624
921600 -681941
15
-481674 -238627
1000000 -694011
704553 -176186
-453898 -986950
1000000 -331712
-731698 -488173
1000000 659775
1000000 515081
-430239 -516934
-82970 -582555
1000000 -140717
1000000 781547
187080 -944669
-498328 -94687
1000000 -720162
15
-646461 352502
212974 449704
-929287 886188
-446323 -480282
469335 -281422
-112610 -19226
-237640 -427191
32773 81033
959312 -573367
319886 -498280
372429 42563
43577 143889
742397 958236
311883 789144
-354399 -72414
6
-816976 417704
-769648 417704
-220018 417704
889996 409999
801217 -408259
-674978 417704
15
192643 802038
-785211 57571
-549816 -903047
581147 -948216
-956301 833224
100529 776922
381235 -108375
-988073 -513414
-767955 -138751
-652322 -248821
-904202 -843137
-256510 -546096
668325 713891
-971300 617730
-563455 -346700
15
748967 545779
-635807 939751
-204692 696275
-657629 432476
180303 408171
-920962 300771
-158650 -143108
95706 549259
409643 -729351
664786 -350000
-315203 732685
179664 -54120
473889 220090
607407 -520671
38393 144535
6
844664 -1000000
413067 -1000000
-395927 947047
645313 340894
-259617 -1000000
-30689 -1000000
15
-706602 -525521
-689552 934504
982274 -946132
985974 -360769
817878 625657
133990 -588951
56126 855419
-844088 -862803
-432555 -517291
44139 881778
258625 486566
-751220 681063
-528219 553379
751125 191787
-134238 -464095
15
284627 -696766
865509 440722
-359103 372111
-338214 -124036
989705 473932
731513 -988197
439690 -928002
-728458 -5727
522086 -348622
-779647 452483
-790852 -927942
-722442 354894
-595426 999167
-875522 225097
231097 -760343
2
-229408 329508
155985 835243
8
129754 1000000
-190043 1000000
485838 1000000
-39016 1000000
723534 1000000
-46257 1000000
-55821 1000000
799799 1000000
8
-311216 -281688
-667952 318169
-314252 -378938
660585 318169
536096 -567903
841617 318169
808328 -625313
-576962 -723078
12
989069 451276
250260 -166840
-887315 717423
322221 -108554
766607 -10898
-80754 53836
611178 -407452
956552 414862
619359 -353450
-217746 145164
45640 439500
87162 -58108
15
592256 -340580
913292 124252
232636 -81940
-669420 -625269
-938064 -438718
-934205 363051
3132 -849143
546609 -377776
417195 -871978
-1846 417903
-521967 -196735
892025 -867784
642301 140359
16624 -339139
967619 -371270
6
128954 1000000
813301 1000000
437406 1000000
957543 1000000
-566320 1000000
834058 1000000
15
-419133 -525601
30485 -525601
224297 -525601
-117533 -525601
168562 -525601
862077 -525601
402056 -525601
-747396 -525601
-616650 -525601
457087 -525601
-165074 -525601
-910597 -525601
-536954 -525601
-9231 -525601
-758907 -525601
14
1000000 -670151
1000000 -443466
1000000 -350148
1000000 716034
1000000 -417585
1000000 857531
1000000 -32372
1000000 -861819
1000000 -388016
1000000 197667
1000000 485140
1000000 -212604
1000000 970891
1000000 -398198
3
973245 752362
-905465 383518
920635 -849156
14
539362 -533128
539362 891843
539362 -962227
539362 89218
539362 -88554
539362 -247218
539362 -97833
539362 242433
539362 -749470
539362 303253
539362 452238
539362 -194726
539362 -482024
539362 812201
10
397647 11630
872926 610193
-994740 -37005
-984403 -532072
803146 725165
509949 72970
-835142 569547
159197 284097
287152 -101654
61027 819332
1
17480 -1000000
13
-622193 -572849
149569 527656
-173163 -497983
-331809 -314289
191222 282356
-307640 255104
391609 -768487
-170881 758184
-36588 -285728
-906087 -853679
223896 643548
788324 40158
-654278 503117
12
992458 -574648
-749109 77047
784032 -380902
-420099 269410
469807 -914919
454806 -59585
134753 -22216
-571307 -329158
-742748 251088
-671113 271223
539514 -132900
148403 -976699
10
411481 270779
-50595 559134
17977 773606
-225208 960323
-317482 350783
-200155 -482857
-296367 892716
-756940 -835101
-568454 672294
514665 -200634
5
692895 -276885
-739863 -623693
28429 1000000
240319 -676457
414067 1000000
15
484714 -664305
-956780 766830
343652 162772
689743 629185
-938971 462636
789600 -871704
-821072 -275122
543877 -511754
122780 222802
944103 -248637
-256878 802193
-545213 334619
-974822 -839937
316017 -274919
712208 -908838
15
-861616 979057
-162485 -752559
265715 -851332
-342664 107142
-436985 -367227
-211404 313378
360933 886780
158464 473305
152832 -213214
-266680 -315826
897164 -37014
786319 228000
-753644 42727
820796 -831931
-885947 -713499
12
-571371 998133
386581 7255
827291 731205
527105 293201
-511933 -553401
155486 550998
-689098 -660718
126306 -81793
149345 -81028
230493 231142
268928 280263
-707046 -790240
2
762560 915072
-458790 -550548
1
343281 -140399
15
678985 316601
-556237 290135
674915 -341453
607404 351351
63934 -490779
-101637 -584380
-295359 875037
993603 74417
300257 -313779
200013 78441
-588693 -291894
-827678 -687814
13350 575
-307063 985415
89772 113496
13
1000000 -324575
1000000 -94086
-396443 -373111
1000000 -830027
665940 -402241
1000000 -761343
-109216 292522
682958 58490
-637248 -736197
1000000 -196149
1000000 610904
-373620 -647298
-376231 52867
15
565223 645544
-67991 -373259
-137505 768643
-505886 -649556
239308 -530291
660224 850134
815741 409151
994534 -52777
974119 295268
-482755 251120
-360305 -425424
-416613 -836958
252484 601988
-305012 283073
880165 534129
9
141192 887180
778437 423788
-95840 59900
740950 936325
823344 54842
558896 -349310
680032 -425020
538880 -336800
259104 -161940
13
-411520 -164608
-412520 -165008
854180 341672
-778080 -311232
137010 54804
-4390 -1756
505410 202164
181840 72736
-971950 -388780
-485350 -194140
756010 302404
-42990 -17196
-315550 -126220
15
920776 228235
962290 228235
-97759 228235
-555198 228235
-968747 228235
-894401 228235
380861 228235
-879559 228235
127415 228235
346347 228235
607446 228235
-530505 228235
364962 228235
-463128 228235
469200 228235
15
700423 666546
343715 -365252
150956 361520
-930375 -533617
955917 -731736
141849 -503940
720973 -744717
377527 -657758
-237780 681667
292674 -853831
-911993 810312
751263 -746293
558384 -944717
-65238 374973
708811 -723201
10
701423 -562771
923961 92417
-23833 -817962
599614 -552025
-698788 -848356
388903 166211
-656593 460073
68341 42426
774953 -536236
122543 -628271
1
929060 -797549
7
405966 185372
-512406 990350
902430 -917425
570780 990856
769952 880510
267874 -319476
-256757 24904
8
900882 -1000000
957828 157905
844552 777674
24791 -295407
-11009 -1000000
286495 468394
94532 -1000000
360419 -1000000
9
-547495 547495
993145 385418
63343 13982
-332100 332100
58910 -58910
128459 939393
-184415 317811
655447 369355
420910 -420910
4
-509651 542012
-888763 -837373
686355 -123107
-293781 540289
3
-307447 428760
-104076 -156114
-192435 -202368
7
187750 -298562
-38710 -91487
-38710 -280845
-38710 -377030
801153 904237
-38710 740662
-38710 -507981
7
-174240 372100
360885 -1000000
-194081 -1000000
-261277 -1000000
-645682 -416860
282927 -696908
951353 -1000000
8
682537 1000000
162992 1000000
125029 1000000
-200380 1000000
-241175 -319502
-463224 765911
984254 1000000
914349 -258775
15
659973 -252038
-39621 -403463
-858594 -345264
422097 604375
325212 338742
-43609 -439096
-237907 522600
138359 175670
-323849 -704645
-916008 -387876
168207 791015
-752859 983720
-138675 -312156
-910695 867193
-703805 686911
7
-122358 -808738
804126 -808738
-859103 -808738
-294456 -808738
998086 -808738
-202321 -808738
157807 -808738
11
-525734 -250755
-89093 -250755
-325200 -250755
21494 -250755
552935 -852858
-651323 -678856
392011 -771607
-528081 -250755
282404 -250755
541109 -421862
-809507 -628698
12
215566 323422
806296 -524063
538968 -954889
520198 -904974
860762 -506579
-872936 -321137
-242058 -13734
-198028 889226
-803167 -268176
801647 379571
986854 186872
188360 866033
1
-368472 -273824
3
-351765 -361925
593307 234763
153004 -306614
14
-37672 142661
-687620 275048
615865 -201697
-288760 115504
-92054 972968
-431200 172480
-516939 425099
45040 -18016
-293880 117552
693980 -277592
62271 771369
16560 -6624
-331972 661119
-227146 129929
8
665123 -265883
-609848 -898641
-891120 -898641
609474 493901
502384 815051
565077 -257117
479539 -898641
-148574 -898641
2
116681 174464
116681 -111079
15
-6211 -1000000
831050 -1000000
502990 -1000000
-64419 -1000000
-584076 -1000000
-239964 -1000000
916657 -1000000
853122 -1000000
-798053 -1000000
12572 -1000000
-471024 -1000000
-566621 -1000000
-546242 -1000000
-750537 -1000000
-293041 -1000000
15
748280 59945
-256012 -356674
-890209 -754711
399151 869171
-341951 852748
813546 -508487
945484 117946
373499 -817889
268218 -865432
-382591 280713
872816 428485
-700336 737386
856376 541056
-772463 -750106
-837744 -1605
8
358603 51229
689717 98531
547806 78258
926786 132398
619858 -954535
603827 86261
598311 85473
783027 -430856
12
-963519 -730491
-182876 -884482
-269566 839642
-674944 116847
-707393 -889300
-283255 989493
60749 364494
59120 354720
-685589 235113
-905909 -84993
-112389 -674334
-94689 -568134
12
598001 193114
619794 -134436
588172 134490
264125 -452292
-675471 -401761
-28858 177395
613979 -768349
-310936 37722
-839792 -534390
719218 -780258
279908 -456236
926859 -358035
15
-161810 -363034
701881 -93189
-212791 534242
-528175 780442
196558 902617
-702999 -83168
287800 -518306
428790 167485
365957 -873833
450319 -374647
783511 535903
814143 69591
-411185 -731795
-637266 -51791
-754675 -424099
15
-7184 10752
-332381 -967224
-917344 -511306
576482 -846687
-866663 -122426
748265 -357756
-367338 -447489
-823729 -889026
912428 -510267
-58934 -162041
-727387 505099
896270 -525451
67024 -155199
572132 -285442
-205804 583501
3
-250215 50043
-723870 144774
297205 -59441
4
417480 -616839
714083 -71822
-621177 223254
490296 926739
15
104719 498957
745552 -324672
-118728 -248411
825028 -698795
-843274 756244
-206426 566410
349643 767550
435093 -905083
855629 797488
-448879 -804284
964012 495229
333594 138245
943750 -690265
-289437 -187377
-953538 656860
1
-437601 -1000000
11
887478 349405
703205 810113
670986 27521
185054 386771
-81814 -696311
312129 -764521
908001 905973
738651 -872909
132035 -508192
-81814 216303
-81814 -402968
15
-145732 745097
587787 270446
307784 -502563
-511745 542750
256384 8928
-961022 474982
-404154 715681
-710847 328440
-684745 -579509
999124 30705
-764337 554293
-271341 607155
-506345 -17633
-80944 -382499
717332 229913
15
818111 634855
-122107 223683
-554015 832689
545719 923155
-630119 736010
-699929 880396
969207 13215
932218 969074
-353992 -63284
-318909 -596738
-322176 -577818
692053 -671109
-276263 -956166
943078 -254489
-326377 627192
9
-311335 -398191
446406 194606
426839 -871974
778278 -922600
-58996 -203313
-331692 688761
-22375 689044
-150664 -676815
-533170 909735
10
-80094 472869
-379006 -32054
587755 -852847
980808 -518930
-536846 -570623
856113 894387
-594547 653786
298603 733570
-923221 -858106
747703 -449759
3
393856 196928
-742068 -371034
437800 218900
15
-99396 -587506
-724531 641689
-32211 -377813
-978446 -810854
-60097 -619792
-752594 -310514
231034 -118852
310433 -359703
-774044 163418
-791804 502328
-865692 77870
-353386 -864370
-570175 202754
342824 303666
445153 295101
4
-998187 732104
277629 95569
289664 -568738
320208 -548645
9
882330 -612491
-261738 -309854
140640 -790259
48050 -459472
-801877 -347003
455483 130138
701080 -694638
882763 -913070
-656959 -868386
13
530784 796176
-167792 -251688
96568 144852
30372 45558
-135424 -203136
-282880 -424320
-54344 -81516
357832 536748
263808 395712
-248156 -372234
495204 742806
-415688 -623532
-19612 -29418
15
927998 -17507
115013 42055
-839828 -59314
842479 -383534
-310863 266706
391934 626315
-824118 -321418
-783606 984188
-958447 -356573
-358376 236091
248043 339802
-613617 996360
324253 12296
-971209 736983
-534509 -744023
1
-421046 -171070
15
-82661 -108960
-741133 -52142
689734 202135
912520 -897211
103739 -704941
-582491 -879767
952318 -112491
521846 -801362
62483 -290886
909196 999540
-471214 300186
110224 -156798
-45089 -500850
386510 -672445
833774 -377308
15
-191200 815597
69851 -484876
-81093 -984797
-616773 -553984
-316402 183428
-132135 -214916
-524383 758018
-902944 572852
101180 -801396
-462907 -104832
113311 734932
100950 509646
-818982 -575088
-915834 -665412
-117127 -199651
1
124079 374197
4
-233038 665180
189395 665180
876271 665180
-227931 665180
4
-546748 -151836
-3256 676769
767628 -440
-307977 -827277
9
-24839 343322
545138 343322
771357 -660926
426930 343322
-453761 -563274
-82452 -744832
527799 38514
-21296 343322
303827 -592213
3
721297 398816
740328 -978864
-768702 -678085
5
493280 -184980
64696 -24261
-107592 40347
329744 -123654
818968 -307113
15
-208636 -78101
48620 422399
-713755 869444
988157 -728125
730845 594407
-593803 497522
987309 749891
-212224 720950
683988 423126
-582774 -414825
-213795 -189603
-519093 927281
-151251 714109
-569581 448519
-795925 -95049
5
-891094 -1000000
-879241 -1000000
-567857 -1000000
476937 -1000000
-159075 -1000000
11
-794622 397311
17634 -8817
789222 -394611
-739470 369735
-57540 28770
985782 -492891
-569898 284949
-329706 164853
-128976 64488
-301326 150663
528912 -264456
15
-353214 851234
820083 50
-976279 -162507
-686944 467531
123815 682941
778393 530627
-69549 165076
-447426 -695777
-299127 -522738
169728 373443
120453 -332846
-533564 -693142
-612091 -812697
-797007 385227
-364020 981133
7
13076 -5604
-131869 661549
600142 250240
-285760 841505
903637 -387273
-737417 344112
110612 138988
14
-975785 855482
695973 855482
323593 855482
173073 855482
541229 855482
-995940 855482
658966 855482
580860 855482
-474165 855482
-495949 855482
-698183 855482
-454548 855482
-144196 855482
677095 855482
15
-962592 -989097
23536 -677616
-659280 391476
598814 651695
641041 112136
-457218 539823
587034 -635580
-689698 166289
753965 993695
-403327 -512447
59562 124634
973396 79994
768396 -818704
-46074 633662
-108976 947850
12
-754922 323538
-557564 238956
-48475 20775
-990696 424584
-359723 154167
47355 -20295
-282870 121230
101031 -43299
-396718 170022
548065 -234885
153790 -65910
555786 -238194
2
1000000 553865
1000000 -396307
15
-617675 -616410
-384275 382716
-907226 5262
228947 841737
-564419 -37499
-619620 -896819
-170906 -347207
-862316 -669323
-610116 165783
265381 -681937
-182039 168843
325301 141864
-854627 721904
998658 -661523
350035 -673
2
-17694 -1000000
872102 701337
