100
5
0 0
10 0
10 10
0 10
5 5
4
-551959 33444
-965538 -257974
505647 690154
928282 994898
4
-590533 292815
-546264 534999
972054 78986
-175797 564599
15
861800 -944776
-192593 -904794
-358917 142635
-666616 -775825
451367 79444
850830 774319
934529 936065
-904938 -979870
-318359 11510
-879022 420379
-125115 -653005
177541 259274
230678 532479
272042 923436
484194 -741965
9
955279 57344
-574502 297003
115068 829888
-428675 329501
-275566 862988
891096 -355229
-295808 759910
-655960 327980
938514 981678
2
773284 78247
-55215 573102
15
-456171 -778170
981728 -294600
-264253 -809342
-582904 749594
-414347 656885
-915415 322316
125128 -632784
-662821 -502896
-643021 185752
-842183 934091
930705 -537641
-343593 506028
318104 -662381
-812073 -486202
-543168 -974587
11
357073 797515
-856945 -99386
-856945 -297871
854721 811403
-856945 926836
199703 436566
-856945 35721
921959 -452045
797768 -16079
-856945 919616
-641276 804106
2
-66802 -284765
-826844 453430
4
-423246 -303655
734344 -92231
783214 628983
-721806 755692
3
104904 58280
-782586 -434770
271253 -819027
5
818206 -1000000
594482 -1000000
927000 -1000000
-53723 -1000000
-202688 -1000000
10
-60802 425665
467714 -611660
-288097 524006
-194091 581322
133401 757224
106223 495369
131226 -656614
208771 -384556
-532470 -102035
-487034 919107
5
109332 142621
-766411 842082
-653096 -535148
-201604 228260
88498 -574272
8
-172320 822301
-172320 489714
-172320 -27660
-172320 585237
-172320 -358964
-172320 77498
-172320 -8049
-172320 -501665
2
1000000 654801
1000000 561571
7
-9317 -1000000
-714732 -1000000
-967103 -1000000
-841341 -1000000
-864929 -1000000
502685 -1000000
-598825 -1000000
5
-903989 -248971
386085 -248971
-881703 -248971
-773488 -248971
-330319 -248971
14
-682700 341350
-597470 298735
-236500 118250
799480 -399740
-736290 368145
179250 -89625
-904880 452440
-291310 145655
630150 -315075
72040 -36020
844080 -422040
-610040 305020
78370 -39185
-633680 316840
13
130404 -482553
-708946 553821
-708946 -4059
332002 -339260
-565536 -531414
574233 -412566
-219264 -1321
-708946 -36887
-662284 391525
-504682 871391
-708946 -24179
-708946 746895
-708946 667744
9
1000000 -177252
1000000 -818631
1000000 983095
1000000 -483755
1000000 -664464
1000000 178196
1000000 -634448
1000000 -448490
1000000 2454
8
-187998 -849693
174129 243958
-281480 -421453
-401582 612915
-559868 612915
310149 -375027
869021 -818713
-623537 612915
3
588405 919214
854228 283872
276048 124378
11
249294 797936
249294 413766
249294 81624
249294 -128622
249294 -235408
249294 -486065
249294 -121502
249294 183997
249294 -325650
249294 467361
249294 301824
8
-470587 287823
686894 -373723
612054 -373723
810878 -373723
-672113 143938
-28389 286729
-842558 -373723
-402046 -373723
5
522003 699296
-77773 699296
-839374 699296
-920309 699296
-567904 699296
6
983062 240741
-549878 -1000000
-673541 367069
829388 -700666
971461 770358
-76665 953887
13
-237084 514213
101638 97461
-488260 -567207
-587767 -473341
237990 576578
116328 -951651
156123 305924
304706 -894028
-358251 -34193
271146 733452
-124696 -474205
986800 -305356
-394058 -501335
15
-858877 -671624
-917426 572860
463559 412617
994442 -369810
190994 905267
314836 177516
891497 -494143
-813218 993448
-221199 801802
-445774 539384
-53057 -64354
-213593 514589
320234 869962
-65912 -217650
697471 587563
13
-996199 21846
-464599 499967
102904 933060
1000000 310025
1000000 -346898
-728463 714781
252361 -82457
1000000 -204286
1000000 292685
1000000 -669948
1000000 695236
1000000 -651640
908540 817749
15
-66166 -930750
-204544 452069
324831 289594
-582011 483431
496382 862222
-160228 908529
-934484 148240
-236855 773813
-409944 476836
532593 -12561
-925703 860199
721002 921579
323428 -399600
-25401 938
-892535 -974668
5
118023 1000000
979867 1000000
-66226 1000000
-221297 1000000
-572918 1000000
15
-269870 612067
-8239 -871322
916973 970447
-844046 -597442
64043 -826315
-677428 634533
-310533 278562
-946379 237160
-235999 91738
410763 -408416
-544920 327283
-173551 209297
-142513 488744
-676220 -691427
-816592 945655
12
989069 451276
250260 -166840
-887315 717423
322221 -108554
766607 -10898
-80754 53836
611178 -407452
956552 414862
619359 -353450
-217746 145164
45640 439500
87162 -58108
15
-679857 772501
-943953 416290
-957231 313332
-826050 664986
-246569 150052
370267 3811
886592 -531948
735767 -85664
-54000 -133124
647083 -516587
173961 374294
-7804 845924
-570780 -731704
710476 814722
-442739 -797067
14
-382886 -565412
-678519 -565412
727308 -565412
-329702 -565412
550136 -565412
852467 -565412
-284952 -565412
-20279 -565412
315389 -565412
625664 -565412
821540 -565412
704310 -565412
-660466 -565412
-300073 -565412
11
-773785 -232559
-129889 377901
-54936 -613282
-612734 -339985
787412 49257
-14191 842753
88914 153600
797801 295181
708633 -550743
493551 -938212
-223545 -171811
7
-112290 1000000
-627146 1000000
774475 1000000
-185396 1000000
-57236 1000000
126977 1000000
-709035 1000000
15
-240280 -702328
-43600 780096
-396484 782769
466387 -41060
-835013 100664
652705 570461
429769 525963
954424 -502525
-774013 272101
892818 728517
-527155 18147
97492 -173334
-417524 885645
-913367 -89758
-738575 -492501
8
-692824 -259809
-326184 -122319
-301304 -112989
-16800 -6300
494296 185361
-907862 -342573
-719440 -269790
788009 -18863
10
-761312 840954
591875 828625
-443360 -620704
-359334 -218161
-32752 9024
-194985 86254
151910 212674
138225 282159
299932 858928
-733966 981680
6
-709406 -1000000
839135 341902
-655405 -1000000
-353377 -1000000
-912198 677459
-989659 -1000000
15
-573576 378096
-362228 781051
-807298 -972418
322357 141086
-130344 -902332
630537 -419615
210438 -732567
644795 365263
309 143437
-608686 -986974
-5269 397775
-997150 -243285
-548559 516940
-917019 199600
267466 -768175
15
571090 138147
-946434 -45269
-583595 -436000
-679321 -786183
-969984 -171323
-981441 643046
824434 -433369
-687331 81697
666118 -11631
-959609 -53385
-970686 604403
854030 -689845
-539955 -462483
39462 714133
587714 -624607
10
653184 -565279
411308 101851
553516 -620319
55997 -249159
-106334 -585110
25679 175029
391268 881642
208748 -290607
312798 317419
809378 881642
15
668689 -648069
469270 -299809
319758 -783914
946595 638891
32837 -920223
401716 -808445
-432401 -918115
174667 -310067
921031 -743596
-301585 963282
862345 -228268
-108846 -982817
-496237 608613
499109 -3674
933608 503472
2
-2277 -51019
156441 281595
5
496904 574999
597769 574999
-734247 574999
-692208 574999
546113 574999
6
231608 -441738
210910 1000000
-242586 -569967
126854 -89351
-426305 -276082
126187 398535
3
-368994 -684264
38104 -684264
-659386 -684264
8
-839714 158271
-49648 878125
710042 298166
149604 977027
-191131 -108611
-801138 515580
-811185 -791077
-422471 -687604
15
465802 -194426
890070 -954042
-937623 538800
622017 769282
-990319 -376820
906300 267796
-495923 -999279
594499 88714
-524840 -301284
401749 32427
152941 171759
870277 -333165
-999431 134243
-522287 -64514
-883979 417208
15
-754010 276634
533034 718052
-883331 197670
-563032 847177
378472 -192500
-937572 -509328
-957236 223538
815816 904318
588105 -207230
920576 -546210
768437 697921
-544475 -351456
-369709 -695210
966004 1141
-170797 -212054
15
351815 -946809
-95826 94447
-531905 -461753
291996 -91543
-281655 -332643
-658952 -802345
650805 -520136
535204 -365673
-158430 382844
469333 -603944
835173 74075
624162 -659213
352346 -930780
893337 147233
-442774 615749
12
1000000 -80664
-346144 380363
1000000 783531
103118 -512019
1000000 479246
1000000 387867
-995923 32020
-755196 -225187
1000000 917074
-852590 -324226
-934995 -565034
-479793 31138
1
-911860 468595
14
-905313 -830435
-79320 -416995
-51872 -166534
-347883 37255
-904598 -645939
-634774 -910520
179490 827403
-922515 -374612
-770901 56268
300404 461099
-493024 -709981
306255 -759270
388953 628763
669838 712815
4
167923 119945
112329 80235
291326 208090
179326 128090
15
-241401 41264
-257686 -155354
770820 -31906
553800 428117
-107698 -249476
690555 -299183
-675583 385539
-430249 -478407
-489010 353629
-461208 -350098
-704875 -673249
982832 -145204
-180092 684818
121950 -749230
-736572 672540
2
-306035 441266
140245 618485
11
-635277 -828533
276596 475626
-589161 -247167
-490978 -719590
-582497 -909114
-658788 603646
-262993 -12895
-315507 280454
-908183 502469
-724891 -50620
-149415 -196254
15
-529280 84117
17928 891952
-333349 781843
-562459 -619295
-850936 -504619
328683 59284
-220306 610431
865106 720780
-780572 658536
588700 -779344
-323212 147795
198966 744050
403713 900703
-906516 -392630
-802382 99884
11
681678 -960517
-534241 589497
-455620 677867
537323 -4499
888417 455817
-744130 -429603
-403136 -396290
692737 -128506
987975 -153047
561860 737518
934512 -167533
15
-873218 20857
398217 934985
875701 118281
637185 593317
593801 -626889
745949 395912
-80267 667319
487750 960868
-131233 -137976
445659 -230467
542708 -619001
-407970 697403
933065 518472
-565019 -407567
576332 -647930
15
-448513 525299
873548 112409
719016 -216569
-575855 554070
-756078 730833
198485 863413
-157240 -801895
453020 -251836
-61313 -3603
-114236 227978
-947917 512617
-436991 -315115
-917169 179902
-633634 -833445
-147389 653202
15
-623147 869177
-274500 -443042
-351049 814746
588722 972172
444518 331488
-872742 355277
97835 -106652
-667060 -761392
-756425 819395
-776152 -105868
656379 944346
478185 575532
829317 -73915
326135 -892702
32916 117259
8
664424 -415265
125424 -78390
-286832 179270
169368 -105855
948784 -592990
-633456 395910
423232 -264520
570384 -356490
9
-427475 85495
-80104 918190
-352985 70597
681685 -136337
-543155 108631
-865374 547341
693550 -138710
491610 -98322
-106600 923820
11
-69182 -708817
670092 1000000
710422 -380357
-226473 1000000
-6268 -294748
-824466 669963
290016 1000000
340565 -76659
961025 134344
-545644 1000000
984587 506725
3
229337 -54746
883140 405354
211960 -52990
11
387803 -1000000
94332 -39243
296559 -1000000
-566842 -1000000
747703 -1000000
669746 -1000000
373591 946087
538734 -606327
61147 234761
-79478 -1000000
-238965 436040
6
741840 626444
878981 216887
888280 444871
204581 958441
912185 -72493
-893142 595428
6
-87594 -1000000
725369 -1000000
499761 113606
-18538 -1000000
-916682 -1000000
-168872 -283334
5
982493 -820652
813686 392571
-808940 -808811
-668575 -256088
301687 995318
11
-987048 987048
-433076 433076
-620820 620820
677332 -677332
-402280 402280
406644 -406644
-584260 584260
-108248 108248
-821024 821024
987384 -987384
-144744 144744
15
885711 977127
-605085 -73695
189612 268768
-893893 169311
-348618 -164030
-838500 -913936
269316 -296131
-100356 292931
-610048 -329729
-434908 -569140
609065 -422201
603974 797186
-484304 43027
819335 -58472
-487193 221534
10
-799234 -114577
-183470 -293552
-767934 217769
-668815 612408
-503705 -805928
-936239 724188
-178715 -285944
-85625 -137000
-686911 -630029
-520875 -833400
12
918272 -305858
315825 91347
200579 902840
-875562 227999
-822190 768885
-14541 -122024
-827522 552863
-360130 -375289
-556466 -88244
-971271 -384119
-295285 705310
-140703 -413506
15
-548271 -156968
305956 -156968
36672 -156968
-674252 -156968
-771245 -156968
-891427 -156968
396599 -156968
-712430 -156968
-129672 -156968
-338832 -156968
-895570 -156968
-686038 -156968
-96477 -156968
-965585 -156968
407073 -156968
11
880360 704288
-93185 -74548
-425035 -340028
441985 353588
-113180 -90544
173945 139156
-733540 -586832
-916760 -733408
-627160 -501728
-872890 -698312
49325 39460
15
-492114 860841
-838376 -684256
446315 -52278
-649003 354198
-554431 -190313
880027 -225541
-696402 -450094
722332 -49111
-768397 191243
-307098 236112
-752321 -94967
-298906 795154
-746463 -105682
236707 -56342
596898 -467970
1
-541412 -1000000
6
385454 -385454
-430111 430111
-373093 373093
-914493 914493
645025 -645025
-344548 344548
1
-735421 -937786
9
862475 -604873
110720 287661
-10494 811203
240044 645619
-281282 -100251
418572 138899
265966 -932320
-451005 -935401
-669152 105758
3
-544230 536430
-298799 -170122
397543 726551
11
-865970 -204721
870750 -867101
-548507 583026
211973 341121
819230 -822283
357153 -528187
-911920 -661748
914286 -268054
109687 313738
-825263 414290
560850 -646480
9
277716 347145
681312 851640
734184 917730
249120 311400
151316 189145
-515488 -644360
-455892 -569865
476336 595420
618448 773060
15
-336418 -779936
-706312 -935896
304815 642049
-914712 -769459
-362956 283320
587414 899504
-740577 -884877
-699962 999282
-342826 -399726
-647985 809899
956310 -528466
464398 914086
-44596 639618
-778493 628923
652927 450862
15
703727 107663
38607 19292
-74808 -702728
-623413 898932
-873732 -193152
-101657 -468609
634001 834528
728247 717571
76439 -377215
818564 219484
357266 -754157
281328 -428160
571846 127489
-64590 -419782
-110169 -482046
6
607958 -142952
-590454 -540240
-676559 -103236
765699 -641175
-196981 -370802
-452767 -641175
14
-576942 444907
-465788 -707240
516947 -886689
890431 768912
-669456 -918273
-372051 -16963
834836 916566
-669814 824192
-153183 -705699
690792 -797569
609661 33509
670892 -134066
-669582 -882696
-680959 585855
15
-292739 710844
-96129 -86711
306809 757530
-422898 -75547
-256346 931723
355773 -207863
-314651 280219
-54473 -517863
842683 324734
-891687 -845939
-191520 -179476
35925 646935
648262 -881798
-93059 734715
999668 456941
12
473968 -374750
503534 -683356
622248 83997
139198 -888680
767884 851464
817924 771006
-495922 560846
382681 667518
493295 -378141
-954413 222170
716166 660298
-425549 571909
15
-994425 644640
423631 -525536
241701 -8791
-149836 -618052
-715571 -297564
222117 -876321
453240 -198672
718345 -109390
-276656 -507778
842622 249116
920421 442340
997919 294730
-770065 110313
960609 -608384
55206 -129226
15
-439271 -147030
848469 -292981
412102 419602
-840511 -504086
148069 -802199
792193 53133
-521807 -554200
-354804 156115
371204 -2791
653480 77352
140631 644925
204217 167735
-859318 -434545
-918533 -187941
980863 387786
10
431445 776601
416230 749214
-403205 -725769
-67190 -120942
-301515 -542727
-22235 -40023
-248375 -447075
-17355 -31239
8620 15516
-516160 -929088
15
439647 -702671
-219471 518509
547320 -507153
-252857 660573
-277220 -466500
-43381 398974
-62146 804555
375473 -937924
-911260 -38856
569324 798083
-949604 650083
673203 -18127
20087 138178
6939 -425629
-242856 789679
9
-666475 -511514
-750208 -131133
408161 382490
-695584 -114213
369730 382490
127867 -78775
-670535 -955446
-225440 -50673
-976047 382490
10
-162996 -1000000
-804966 -1000000
-918936 -1000000
248079 -1000000
843655 -1000000
-201630 -1000000
-699140 -1000000
-841852 -1000000
-510003 -1000000
203865 -1000000
