100
5
0 0
10 0
10 10
0 10
5 5
15
-254850 200392
117476 -621129
453955 -496752
171078 -587566
-116257 746477
988623 985971
-749472 419756
470243 -737911
825599 32333
-511264 -918538
891685 -973525
-215432 -467178
667942 -426648
-814187 -107689
-303733 912138
2
568921 -526622
256659 -526622
10
728474 164303
-910825 809633
-276718 579573
-839899 778120
594986 765277
-32684 465152
-521473 806440
561897 752460
711578 -743657
-922336 -393040
11
175779 -188871
740807 -381868
657094 -811396
225395 -966212
-421025 -542055
-298006 -188871
-834758 -188871
-121175 -188871
327655 -603824
-224544 -188871
854778 -188871
8
923420 92342
-923240 -92324
193550 19355
-251660 -25166
79150 7915
-748392 -592123
-402450 -40245
-367790 -36779
11
234110 545778
143232 214848
-371136 -556704
-727131 -556918
-524382 -786573
-8558 542593
-271891 304046
-565490 -365862
286479 914713
-741053 -302578
-600256 -453400
3
218911 998690
983980 260842
-22676 -915907
1
498367 1000000
5
616496 -996989
789076 456567
128416 -957549
-678116 -336145
-462375 480690
15
-400425 43926
487371 -215815
197818 -257994
-584490 387741
358157 -255130
80180 -277250
859367 707300
-346064 -843091
-118958 624921
-546463 110911
854182 776903
-342209 -946935
365175 55888
-706742 -157642
-664797 -952210
15
387937 -895796
675556 -732456
650182 184235
918115 118630
-77913 697370
-551669 314735
-941029 390911
706196 -519211
224346 -414962
365710 -436747
142791 -200645
324863 -451557
725087 -74581
-639489 941153
-399158 420361
5
501378 -308956
102630 129598
605985 787516
-855355 424281
-804217 371011
1
608928 -388466
7
-107729 862609
-986552 113239
628889 211931
-128940 -180081
-544353 -978404
486381 229727
146211 -61825
7
-766701 760502
-419126 -411866
-234674 320200
-234780 276875
-564078 920910
-114071 325217
519987 10916
12
-957500 655379
869961 655379
604336 655379
-702935 426147
843389 -165944
-646847 150919
-302204 -498920
-765310 -618373
828901 -889030
996812 460257
715606 655379
-407653 108686
15
226348 -512390
-764692 -789380
719097 -704007
553987 -14404
727433 823798
-633434 -298722
677433 775992
-294845 -859216
-640710 -9115
676726 -665203
-671125 21559
-26538 228276
574600 -578238
-884873 -863438
-722420 171152
15
935945 -229988
-34185 -843208
-282981 -638114
361561 16838
-219541 -188419
-911481 -397504
-445389 370118
101855 953754
403513 -798542
791664 665734
172987 -445318
-906128 90343
-541098 287220
-724345 909255
498625 -901678
10
713949 -741791
-216984 -971780
795337 -776829
-865784 772132
-673173 -726387
9964 315539
677505 -555516
-707564 912422
286956 -180703
-709198 -810098
10
672188 -738961
-445686 395868
-800272 -90084
185274 -802112
481739 -573275
875025 -205667
-970207 106390
-355417 -527864
782414 206755
-371463 544649
15
-697000 661270
435390 -599258
-698787 122733
-833437 -32639
531652 894887
981807 -829462
-986213 -726200
-131943 998424
-373832 -448888
845770 -789057
928625 -967541
-454140 40745
-432540 348668
-701293 797014
-430186 -277217
12
919532 -459766
242172 -121086
966984 -483492
-527892 263946
-429936 214968
787836 -393918
-126736 63368
-242392 121196
434380 -217190
57484 -28742
-451620 225810
-897952 448976
15
695130 162431
-978590 806256
-176400 -767746
-213049 130270
-451248 -205158
-416302 -862411
-419724 -568502
-396277 -403036
431192 715683
-291644 451477
-810708 185685
773943 -908796
-563984 616349
-536512 19869
-627058 336664
11
812127 44143
-636766 628191
-772342 575299
-231356 360881
193725 -43050
73791 -16398
-837648 186144
-592983 447466
-763245 169610
205047 -45566
608943 273245
3
-353788 -707576
167712 335424
403420 806840
8
-703618 398422
-384594 -603292
-949880 -612235
540979 -392190
-132999 -894691
471201 368215
-617658 142846
-418368 -972273
13
-863257 -65006
-164736 640682
719280 -545502
-315558 310358
560293 -582727
-868352 -133063
881142 22106
476074 117340
497658 420786
859905 369750
35668 347450
339508 -587536
-809907 -218639
15
-462313 -822197
-281105 -426354
827896 -441997
-519231 -661450
-692440 -580633
666927 -267159
424686 228396
-781496 65172
-549420 -303177
-764443 -381204
827721 348468
-188272 821777
-564706 -374253
-449726 933878
-793620 622805
6
-325860 130344
415650 -166260
85140 -34056
-763820 305528
-907360 362944
111560 -44624
11
505181 -139706
-963669 963669
-521667 521667
32838 -32838
-547926 547926
587313 852061
954420 -954420
363834 -363834
-106869 529206
-108624 108624
475495 11207
7
-72381 -250894
-665211 -762672
-285346 -250894
-589160 -767474
-386603 -663391
585848 -250894
-780037 -737561
14
310020 310020
-805160 -805160
405930 405930
-895665 -895665
377175 377175
971255 971255
45600 45600
325305 325305
-680030 -680030
32395 32395
93530 93530
-755700 -755700
-916115 -916115
-287100 -287100
1
398488 431121
9
602818 -752042
542597 838467
786354 -608348
823945 -909762
173705 743304
547658 251723
173705 -415351
353980 886133
244760 -674024
15
403196 975782
-795502 143268
-731263 -770326
-516523 302209
-666271 431557
-812994 -70692
-874021 -660467
-780509 31587
-254383 897905
909462 -684227
174824 -332854
220173 22793
150275 86321
964186 -74194
180360 -233413
8
-748985 -20838
373084 -20838
999584 -20838
-192798 -20838
-83662 -20838
671203 -20838
891645 -20838
271880 -20838
12
530242 -1000000
-203390 -1000000
275256 -1000000
762912 -1000000
-959181 -1000000
-640167 -1000000
-540600 -1000000
373779 -1000000
558146 -1000000
-214253 -1000000
-279124 -1000000
341308 -1000000
2
73440 61200
-67110 -55925
9
232421 690227
232421 -178867
232421 413703
232421 189997
232421 -104359
232421 634424
232421 873310
232421 -268290
232421 683528
8
-394661 -1000000
933787 -1000000
76670 -1000000
451829 -1000000
-763134 -1000000
119848 -1000000
882922 -1000000
-682488 -1000000
6
-516468 -104150
-645017 705574
664433 -918528
-906238 -433894
-447647 -610932
-171969 237718
5
-295106 -373469
-238574 -550090
35400 -207080
432479 -996573
-747981 832566
2
-680231 815512
-914711 815512
12
989069 451276
250260 -166840
-887315 717423
322221 -108554
766607 -10898
-80754 53836
611178 -407452
956552 414862
619359 -353450
-217746 145164
45640 439500
87162 -58108
6
-207611 -1000000
-41923 97817
-830252 808018
783087 -1000000
-521126 -288392
924129 297722
15
-684179 -813288
-448980 -51206
-645433 -94457
560754 521823
783514 526278
-498529 -758595
-265311 -695629
-839551 41397
87556 89778
501351 -986617
405585 681621
-737028 721398
948469 655601
185462 -337920
62629 617986
6
696188 968517
-346836 325483
401235 -361191
829144 933269
-217605 -245558
-244469 27998
11
-238618 1000000
299751 1000000
362920 1000000
188554 1000000
274200 1000000
-294361 1000000
-571957 1000000
504126 1000000
-2455 1000000
873170 1000000
-355978 1000000
15
249845 893733
662333 718353
-613898 -735605
-904752 909980
-423673 477988
-240149 414103
230490 265792
-744326 -341817
939956 -677135
625054 517536
204535 895550
337690 -783161
198292 -77238
-800275 915551
-595222 408422
4
-316966 -667780
312550 171238
-509075 218986
-134044 -131447
15
-26957 255426
-121085 66903
511279 -156742
831110 -409792
-239398 -250780
420618 729832
237927 -772569
149358 37841
-655548 156228
898141 -119037
135140 -401002
793782 -834441
585291 -703443
248974 707389
14143 925673
9
316118 537005
-658635 732845
-967441 542571
-967441 930779
227268 600679
-42981 962694
-967441 282434
-967441 -223999
-967441 558976
15
442718 505301
-914849 -920887
-864675 733060
-808161 986925
-665775 321563
784026 -72990
-800433 -251963
377030 -483516
368824 765492
594876 294658
439209 -298746
-213213 -885956
-465663 -827361
-413327 407747
200543 -416229
6
-250851 -1000000
30470 -1000000
-158621 -1000000
190898 -1000000
472315 639000
82548 -159774
11
207803 379281
23081 810390
143184 -53694
-687832 257937
-515238 923310
455404 948274
-346128 129798
-945632 354612
-960568 360213
952544 -357204
867448 -325293
15
125690 565605
-183438 -825471
-16040 -72180
-179888 -809496
-187978 -845901
-27466 -123597
-64926 -292167
-97650 -439425
197044 886698
139512 627804
-212202 -954909
-212478 -956151
-22266 -100197
-136314 -613413
38000 171000
10
-393752 1000000
676828 1000000
590026 1000000
-183346 481297
143943 -679768
-800255 711449
-928937 1000000
-980975 -104669
-151681 1000000
-900297 -367800
2
275634 -91878
-457479 152493
4
39311 697859
406049 -722001
9015 409433
-657624 265776
15
-101639 -866876
-714719 -679309
629224 982207
757640 -193786
46752 -622090
-884628 833585
-247744 -422649
882059 186153
-261912 35652
-311208 719076
31473 -200405
176107 -256694
620277 12212
651479 963063
176075 -583453
11
-312322 -2373
-820743 -1000000
547669 -1000000
962688 165927
-548422 416825
-578906 981565
51867 570881
-390785 -1000000
-799887 -1000000
-969557 -1000000
-769921 908595
15
142933 -810168
176873 850175
536995 -951805
-143358 843019
380463 -33080
381830 -744792
-551660 -136068
-60342 754159
94009 -45336
-726527 715352
162017 541254
586903 -273172
847066 -55405
17697 -573294
-971640 -175236
3
449059 405452
686415 948179
-630565 722318
2
3168 -587829
385443 -587829
10
366899 666842
-225780 251468
-430891 887115
397249 337038
-166029 166029
759615 -759615
899331 -899331
615309 -615309
115772 598258
267586 532496
1
-991294 917618
15
935881 -588419
781336 917859
514210 -419081
-174749 234887
-917500 667922
-752856 -98029
-712432 -928415
443913 954701
-16810 214417
-620572 531144
678480 -718143
819498 -492226
-48539 589135
-663740 710449
955779 -424861
15
-982950 571809
635785 -912317
168667 235682
252483 960193
-893875 579719
96656 856931
200438 -67465
-690841 -506407
-471350 740011
978073 960145
-880303 -841452
526577 -215296
216674 843309
175595 145200
956708 -842846
15
-234607 -724755
924168 -397467
886399 -897568
57876 427120
895050 51997
251248 -964054
-117203 -263851
-277386 802015
674502 163810
978389 433088
-476491 -88297
-903083 160204
430511 474465
239665 68268
275161 893630
8
-60761 -818900
-308562 90726
672103 -818900
963742 -251601
57639 517901
684876 -804968
-89540 197988
266974 389811
8
971351 -1000000
-259123 -1000000
404079 -1000000
-423615 -1000000
-573359 -1000000
377014 -1000000
970000 -1000000
796433 -1000000
9
-278486 -539718
-360679 152509
-297857 -747855
-553649 639731
-113209 -213233
824100 355746
287703 -184499
-70345 444554
751415 -854001
6
-88746 368058
-401209 368058
216173 368058
685396 368058
-321874 368058
-172306 368058
13
606176 -378860
555016 -346885
-580136 362585
-711248 444530
784920 -490575
-687288 429555
-544376 340235
-37824 23640
-132288 82680
503496 -314685
-638360 398975
129424 -80890
-225448 140905
15
942967 -756578
-3950 -917396
-21612 -664966
-50264 -40029
-877993 -263721
448844 -527515
747950 -489400
-744099 -351901
29708 438680
-529454 -594014
-88693 -312838
54432 -561429
349268 687081
-398171 -658557
670798 993573
15
108399 106086
-551818 -793500
149594 -935512
655185 -447660
128949 679568
751074 -306559
-181047 710003
784097 796572
304382 -682817
501519 -215205
-343313 -104320
-466710 -659575
847180 571431
385189 478597
619632 799427
15
-193358 906651
865592 -802398
-779232 42625
-440985 321589
-521273 -777143
-825934 -252310
334892 654495
-795671 -285574
60696 424649
923211 632236
-897189 -745850
-409167 290801
129150 -373645
867870 -55454
136098 854262
9
1000000 -99714
1000000 -203653
1000000 -294976
1000000 -399686
1000000 47599
1000000 -681682
1000000 -403581
1000000 -108936
1000000 -566585
15
189998 -119658
320215 -350473
-706320 694166
446028 803209
-102084 501573
214951 -2477
-592679 -797745
-34942 -669295
-932937 -293369
228798 837592
-365340 -206551
-424143 -214797
311124 284894
-233965 -325900
-788215 411870
5
358838 -241815
619303 -241815
-234016 -241815
571770 -241815
553538 -241815
15
476376 -462668
505576 -939155
-658705 -801118
598078 811621
782029 425310
944588 291183
-917401 534408
414884 -897209
274575 190902
-436947 628234
468089 388705
-412428 464972
457031 -725282
476433 -712257
-90629 -435624
12
-263628 -1000000
381880 311411
224468 -1000000
-379581 -1000000
-570237 -1000000
-626414 -392066
932484 -1000000
943232 366984
-858195 -1000000
-854817 812132
792268 372162
928638 -1000000
7
-274876 -325185
-274876 -518310
-274876 142259
-274876 -999986
-274876 577539
-274876 148010
-274876 -27999
7
-785625 -99423
944992 843360
611320 576664
957126 -203221
156422 649720
-135917 -217625
-42018 -250007
2
370393 -174655
-153216 901961
15
913520 -257304
615319 -116440
466476 374814
-420759 554864
856038 649904
-169146 763651
148849 317264
848663 689228
-71531 -682201
159667 -532136
-254687 92607
747798 119275
-154239 -550347
-220371 -599609
-705534 92284
14
259875 148500
-18169 -612612
730583 417476
-681506 -389432
459730 -717447
839231 474030
606935 346820
-503579 -373059
-381948 -218256
-82419 -47791
978446 559112
532693 175425
347684 -971254
450609 -546699
8
1000000 744798
1000000 33836
1000000 203611
-868004 -153791
373752 -622566
-51316 -696572
1000000 -59960
395545 173544
10
673469 240730
-51748 28148
-823840 22243
-585312 800328
-128105 -571807
-488564 -937065
320361 -491894
-425053 933433
-551822 -948987
236783 -956093
15
-204692 431989
-527997 41920
470410 -543948
-116466 -363443
-228726 -229141
-848367 -419679
805631 253196
589622 -342937
778593 738074
943448 610028
-632939 -757140
-790961 663019
991484 515748
993416 -659007
764963 -219702
15
-202672 -405344
309690 619380
-532720 -5494
262888 788882
-169420 68124
-139018 -278036
-636523 -68458
-812686 -30913
-967502 243649
-77144 -154288
-80852 -161704
-649954 510704
-203838 -407676
-877237 -878642
-421814 -843628
9
-601813 -335345
-864908 361592
501843 701666
-825630 -6852
58460 993434
886489 460990
-703098 -978646
-453545 470277
8735 400708
10
-501979 -1000000
341492 -1000000
-79161 -1000000
360579 -1000000
-221956 -1000000
-626972 -1000000
-385966 -1000000
138583 -1000000
-665655 -1000000
-495652 -1000000
6
-724632 -417351
1000000 -961947
546780 -268749
598248 -700244
-64930 621406
1000000 545097
14
1000000 365807
1000000 777208
1000000 -754148
1000000 616475
1000000 -978400
1000000 728388
1000000 -435307
1000000 928616
1000000 40589
1000000 -445866
1000000 931696
1000000 -746438
1000000 -829420
1000000 789307
15
208120 -812335
593137 -716900
-245812 -137312
877299 577961
128393 858433
589035 -365568
-626563 -478132
295119 -119066
730010 -885994
-278624 -618965
920960 -51445
244800 -359617
74736 -835486
277882 704329
-234843 -318379
12
-550875 -500120
871744 905291
-227099 -420221
-760632 666026
336404 466070
-782425 14031
827940 -109772
-536814 984273
-366842 346196
-702154 -810158
-5700 82039
154668 763336
5
-534990 163495
191685 475432
344450 -495186
-894018 -765930
-576573 124392
4
832094 -977030
626876 1000000
669761 511557
-410946 208525
