4
-1.0 -1.0
2.0 -1.0
2.0 2.0
-1.0 2.0
3 5
5
-2.5 -2.5
10.5 -2.5
10.5 -1.5
-1.5 -1.5
-2.5 20.5
2 7
4
-1.0 -1.0
2.0 -1.0
2.0 2.0
-1.0 2.0
0 0
5
-2.5 -2.5
10.5 -2.5
10.5 -1.5
-1.5 -1.5
-2.5 20.5
0 0
9
-5 5
-1 1
-3 -2
-1 0
1 -7
4 1
5.0 -1
4 6.0
0 5.0
3 11
3
-1 1
-1 -1
-0.5 0.5
3 7
3
-1 1
-1 -1
1 0
3 7
5
-1.0 -1.0
2.0 -1.0
2.0 2.0
-1.0 2.0
-4.0 -5.0
3 5
8
-2.0 -1
-1 -2
-3 -3
-6 -1
-5 4
-4 -1
-3 1
-1 2.0
7 13
9
-5 5
-1 1
-3 -2
-1 0
1 -7
4 1
5.0 -1
4 6.0
0 5.0
0 0
3
-1 1
-1 -1
-0.5 0.5
0 0
3
-1 1
-1 -1
1 0
0 0
5
-1.0 -1.0
2.0 -1.0
2.0 2.0
-1.0 2.0
-4.0 -5.0
0 0
8
-2.0 -1
-1 -2
-3 -3
-6 -1
-5 4
-4 -1
-3 1
-1 2.0
0 0
14
2 0
1 0
3 4
2 3
1 1
-1 0
-2 0
-4 1
-5 0
-4 -1
-3 -2
-2 -3
-1 -1
0 -1
0 0
9
2 0
1 1
0 0
-1 0
-2 1
-3 0
-4 1
-5 0
1 -1
2 0
9
2 0
1 1
0 0
-1 0
-2 1
-3 0
-4 1
-5 0
1 -1
1 0
9
2 0
1 1
0 0
-1 0
-2 1
-3 0
-4 1
-5 0
1 -1
0 0
9
2 0
1 1
0 0
-1 0
-2 1
-3 0
-4 1
-5 0
1 -1
-1 0
7
5 3
0 0
-4 2
-5 0
-6 1
-8 1
8 -5
1 1
7
5 3
0 0
-4 2
-5 0
-6 1
-8 1
8 -5
3 1
7
5 3
0 0
-4 2
-5 0
-6 1
-8 1
8 -5
-3 1
7
5 5
0 0
-4 2
-5 0
-6 1
-8 1
8 -5
1 1

