42 468 335
501 170 725
479 359 963
465 706 146
282 828 962
492 996 943
828 437 392
605 903 154
293 383 422
717 719 896
448 727 772
539 870 913
668 300 36
895 704 812
323 334 674
665 142 712
254 869 548
645 663 758
38 860 724
742 530 779
317 36 191
843 289 107
41 943 265
649 447 806
891 730 371
351 7 102
394 549 630
624 85 955
757 841 967
377 932 309
945 440 627
324 538 539
119 83 930
542 834 116
640 659 705
931 978 307
674 387 22
746 925 73
271 830 778
574 98 513
987 291 162
637 356 768
656 575 32
53 351 151
942 725 967
431 108 192
8 338 458
288 754 384
946 910 210
759 222 589
423 947 507
31 414 169
901 592 763
656 411 360
625 538 549
484 596 42
603 351 292
837 375 21
597 22 349
200 669 485
282 735 54
1000 419 939
901 789 128
468 729 894
649 484 808
422 311 618
814 515 310
617 936 452
601 250 520
557 799 304
225 9 845
610 990 703
196 486 94
344 524 588
315 504 449
201 459 619
581 797 799
282 590 799
10 158 473
623 539 293
39 180 191
658 959 192
816 889 157
512 203 635
273 56 329
647 363 887
876 434 870
143 845 417
882 999 323
652 22 700
558 477 893
390 76 713
601 511 4
870 862 689
402 790 256
424 3 586
183 286 89
427 618 758
