42 8 5
1 10 5
79 9 3
65 6 6
82 8 2
92 6 3
28 7 2
5 3 4
93 3 2
17 9 6
48 7 2
39 10 3
68 10 6
95 4 2
23 4 4
65 2 2
54 9 8
45 3 8
38 10 4
42 10 9
17 6 1
43 9 7
41 3 5
49 7 6
91 10 1
51 7 2
94 9 10
24 5 5
57 1 7
77 2 9
45 10 7
24 8 9
19 3 10
42 4 6
40 9 5
31 8 7
74 7 2
46 5 3
71 10 8
74 8 3
87 1 2
37 6 8
56 5 2
53 1 1
42 5 7
31 8 2
8 8 8
88 4 4
46 10 10
59 2 9
23 7 7
31 4 9
1 2 3
56 1 10
25 8 9
84 6 2
3 1 2
37 5 1
97 2 9
100 9 5
82 5 4
100 9 9
1 9 8
68 9 4
49 4 8
22 1 8
14 5 10
17 6 2
1 10 10
57 9 4
25 9 5
10 10 3
96 6 4
44 4 8
15 4 9
1 9 9
81 7 9
82 10 9
10 8 3
23 9 3
39 10 1
58 9 2
16 9 7
12 3 5
73 6 9
47 3 7
76 4 10
43 5 7
82 9 3
52 2 10
58 7 3
90 6 3
1 1 4
70 2 9
2 10 6
24 3 6
83 6 9
27 8 8
33 3 10
55 2 10
