1000
20 8
13 12
17 10
12 4
19 4
14 5
13 13
7 3
13 0
18 2
9 4
17 9
19 2
12 9
20 8
8 0
8 0
0 0
5 1
4 4
17 15
11 9
12 10
0 0
8 1
11 8
7 5
3 3
8 3
19 18
10 10
14 12
15 10
10 10
7 0
20 12
14 9
10 5
12 5
12 12
15 15
18 4
3 0
10 6
8 1
18 6
14 13
14 13
11 6
18 11
3 3
19 18
3 2
12 5
5 0
2 2
2 1
12 5
2 0
15 0
4 0
5 0
11 11
9 4
20 19
8 7
15 12
1 0
6 0
10 7
1 1
12 9
14 14
16 0
8 3
17 16
17 16
12 9
18 6
9 5
1 1
9 7
2 0
1 1
11 2
1 0
8 4
18 5
6 1
12 5
7 6
11 7
0 0
12 5
4 2
11 1
15 3
20 6
9 7
7 2
8 2
14 6
20 20
13 0
13 7
8 1
6 3
16 11
3 1
6 0
10 3
19 3
14 0
18 6
0 0
14 11
17 8
16 8
18 5
16 1
11 11
4 2
20 17
12 8
4 1
11 6
17 3
0 0
7 6
17 11
7 6
9 6
20 15
11 3
4 4
8 0
4 4
14 2
17 8
3 1
11 0
3 1
9 3
4 0
11 1
19 6
15 13
4 2
11 6
17 17
5 3
16 13
5 1
11 1
7 0
10 9
4 3
11 3
4 1
13 13
16 12
0 0
4 0
0 0
20 19
2 1
2 0
12 1
5 1
11 11
8 1
0 0
9 8
5 5
8 0
13 0
0 0
19 4
12 7
10 5
12 1
1 0
11 11
0 0
12 4
9 0
20 6
19 13
1 0
5 2
13 7
3 3
17 7
17 4
11 0
18 15
12 9
10 9
11 1
0 0
7 6
20 1
14 5
15 0
2 1
14 4
14 0
10 10
19 12
20 6
7 0
12 7
3 3
8 7
2 2
2 1
14 5
6 6
11 10
4 3
13 0
17 5
19 10
14 14
7 0
5 1
11 10
20 10
4 1
16 0
16 1
10 7
14 7
7 7
1 0
1 1
19 15
0 0
10 10
3 1
7 6
18 10
9 4
0 0
1 0
13 2
14 7
18 10
20 10
10 9
4 0
7 4
11 10
10 4
6 4
6 2
12 0
11 7
5 1
14 14
9 3
16 0
7 7
11 0
18 17
14 10
16 12
9 8
8 1
19 10
12 3
15 8
1 0
10 5
4 1
3 2
7 5
18 17
9 7
0 0
0 0
13 3
2 2
7 0
12 2
14 11
0 0
16 9
7 4
15 15
20 15
14 4
18 5
16 4
20 2
3 3
8 7
8 6
13 2
18 7
3 3
19 15
18 3
8 5
9 4
1 1
15 6
19 1
13 8
20 11
12 4
12 4
11 0
5 0
7 1
10 6
17 14
17 7
12 9
9 3
9 3
2 1
14 2
8 7
9 2
14 5
2 2
6 0
20 1
9 9
13 11
12 9
3 0
15 10
20 2
20 3
1 1
6 0
3 0
18 12
14 6
4 2
20 15
5 4
9 4
0 0
13 3
2 1
15 1
19 19
3 0
13 10
16 1
0 0
8 6
12 9
11 7
15 11
1 1
0 0
5 0
17 15
10 5
3 0
15 5
19 19
9 2
14 12
18 6
10 0
2 2
20 5
11 6
5 4
14 5
2 2
9 0
19 8
10 7
4 3
6 0
20 13
10 8
18 3
17 17
8 5
8 3
7 7
0 0
3 1
2 0
9 1
13 2
20 14
11 6
8 8
13 4
11 3
10 1
13 5
0 0
17 6
2 0
4 4
10 7
15 15
1 0
9 5
8 2
1 1
6 5
16 10
20 2
9 2
11 9
14 11
3 0
14 11
7 5
1 1
4 2
13 7
17 16
15 5
7 2
3 0
17 4
7 3
15 11
2 0
9 1
3 2
13 12
13 4
15 1
17 6
1 0
15 14
7 2
11 0
1 0
11 1
19 8
10 4
3 2
5 5
8 0
17 4
12 12
13 5
13 0
1 1
14 0
5 5
9 9
14 9
3 3
10 6
0 0
2 2
9 3
20 3
17 16
11 2
3 2
13 7
11 1
3 1
10 5
16 12
6 0
18 8
6 3
18 18
14 8
5 4
20 4
19 14
1 1
16 13
13 13
16 7
15 4
16 10
10 1
10 9
5 4
1 1
7 0
19 0
10 4
8 0
14 7
8 3
17 17
16 6
6 1
12 0
3 0
15 9
18 8
9 4
0 0
6 5
19 6
1 1
3 0
17 16
15 14
0 0
14 0
10 8
9 1
6 3
10 9
18 13
15 2
8 7
3 0
10 10
6 6
10 5
5 5
8 1
4 0
8 5
15 0
7 2
17 2
5 4
2 2
6 3
10 1
9 6
19 18
10 10
7 1
20 10
12 10
17 1
0 0
8 0
3 2
18 8
12 12
19 8
1 0
7 7
5 3
13 1
2 1
19 11
20 17
18 15
7 5
13 6
13 13
4 0
11 0
17 2
18 4
20 3
20 18
7 7
18 5
13 13
12 1
4 0
2 2
6 3
7 4
12 10
15 3
0 0
14 5
18 15
4 3
3 0
12 6
7 5
4 0
2 2
20 19
20 16
9 8
3 1
17 13
8 4
6 5
4 2
12 2
5 3
19 11
9 9
19 5
4 0
4 0
19 9
18 8
9 4
6 4
18 16
7 1
8 4
16 4
18 8
13 6
9 9
19 12
3 3
18 7
13 6
13 3
8 6
0 0
19 7
10 10
6 4
0 0
5 4
3 0
17 3
9 2
18 1
6 5
18 9
20 16
17 2
14 13
2 1
18 4
6 3
10 9
1 0
3 1
13 0
15 8
2 2
18 8
10 3
1 1
10 8
2 0
19 6
0 0
9 4
11 0
9 1
3 3
7 7
5 1
8 8
13 9
5 1
16 11
19 17
4 3
10 6
12 5
4 4
20 5
14 6
18 13
10 4
7 0
14 0
16 1
11 5
3 2
0 0
0 0
11 7
7 3
9 7
9 0
0 0
9 7
11 8
2 2
10 4
16 2
12 4
20 9
17 9
12 6
20 1
18 0
17 16
12 8
3 1
2 2
17 10
1 1
2 2
5 0
0 0
16 4
3 0
1 0
4 0
7 7
14 7
20 20
15 9
17 14
14 12
13 2
1 0
9 7
17 1
7 1
0 0
9 8
10 7
9 3
8 2
9 0
14 14
14 3
16 6
1 1
17 7
20 15
16 5
7 3
6 0
13 11
13 7
19 5
0 0
1 1
11 3
17 7
10 8
3 1
8 1
8 3
12 5
6 1
12 4
9 2
6 2
16 8
9 3
19 7
0 0
9 1
14 6
10 9
20 9
3 0
0 0
19 13
6 1
4 0
5 1
18 6
0 0
2 1
16 15
17 12
10 6
7 3
6 2
11 7
9 6
12 12
13 12
4 0
0 0
15 3
11 4
12 8
3 1
6 0
19 3
4 4
4 0
19 13
18 3
2 0
2 0
14 12
13 12
15 15
13 8
19 13
19 15
6 5
18 3
5 1
16 14
1 1
20 15
3 1
20 17
14 6
20 15
15 12
12 6
9 0
8 7
12 0
15 9
17 2
1 0
13 1
4 2
16 12
7 3
6 4
0 0
19 7
16 7
16 4
12 2
9 6
11 0
4 0
0 0
16 8
4 1
18 10
1 0
16 11
13 3
2 2
8 7
6 0
15 14
18 13
20 13
13 9
5 4
5 2
1 0
18 9
3 1
13 3
2 2
4 3
19 5
5 2
17 17
5 3
11 2
16 6
11 9
6 5
15 13
15 10
18 8
11 8
20 17
2 2
19 13
7 2
1 0
18 2
15 9
3 2
10 4
16 15
20 19
8 1
15 4
12 5
14 7
20 9
16 4
17 11
9 0
1 1
10 2
3 0
8 4
8 7
2 2
13 5
18 2
12 7
20 10
19 17
0 0
14 1
19 2
9 0
17 5
8 4
5 5
0 0
10 7
4 1
18 9
9 2
5 5
1 0
6 6
1 1
16 4
0 0
2 1
18 5
15 4
12 11
10 6
0 0
19 0
10 8
7 7
16 14
6 2
5 0
13 11
18 8
17 1
18 13
14 6
16 16
9 0
4 2
16 15
17 0
3 2
8 0
6 1
7 5
12 5
20 14
8 6
4 2
6 0
2 2
4 3
7 0
7 4
13 1
4 1
10 7
11 10
0 0
5 2
20 5
8 3
10 2
17 15
19 15
11 8
13 7
20 11
13 1
19 13
9 9
6 0
3 3
17 10
0 0
4 4
9 4
2 2
11 11
19 7
8 0
8 6
14 5
17 14
18 9
10 2
2 0
15 2
20 8
11 11
9 6
11 0
20 18
12 9
14 5
18 10
5 3
2 2
16 12
20 17
10 6
18 5
1 1
7 0
10 5
8 8
17 17
4 2
10 2
6 5
14 10
12 6
4 0
4 2
18 5
20 12
12 2
12 5
