100
95128 80562 246504851
2051 694 174900683
17953 13002 144465679
92312 50191 42264787
69714 48703 37065731
55711 29910 139766923
92877 1275 235848461
43084 25970 149107097
83319 67797 87343271
10443 8800 266452213
11704 5303 56876371
25570 17210 11680883
54976 37779 67438169
18911 9466 230250719
36800 2304 13227413
55549 23189 44221963
89923 50046 233046607
36458 25566 229011061
4478 1604 193462111
96860 57590 198980707
73599 45529 44715007
17751 17560 63207643
70609 52238 261960313
77065 45166 182471621
34181 24718 111894353
94141 59975 157846147
1865 390 244431157
95707 21287 184608257
23209 21660 77813737
61741 17674 199298173
96290 54216 4445197
57277 26239 102972091
2505 2231 199563041
78249 23297 95828171
4312 1663 99895013
35104 33589 123922451
8606 8375 197765731
12874 6757 232436933
44627 17914 148628651
55822 52308 214719581
25433 17132 113124721
56375 12465 225745901
75995 14112 63349271
70546 43706 230444647
98615 55875 192334691
3817 3630 23601397
49458 31689 221467331
59548 42618 157199269
16187 12123 194889473
94362 75097 149445749
57339 8624 118848901
85559 75136 266268133
79111 36072 137083997
76943 35741 179663789
29732 3091 201474961
79076 7547 132382039
76343 42097 99611297
10901 8463 38504569
83090 42061 32502653
73906 55085 196647379
30657 3932 151497833
29431 29148 38217407
29527 17782 97514321
69739 11129 154243211
10946 2255 65744561
90250 66603 116205619
18186 5954 85624909
14542 6168 193773163
19147 4936 55600663
36506 17605 205960201
70589 8110 241305677
3990 315 136445987
21183 2212 245658521
41860 33599 166359811
84104 70430 151799093
4547 2386 155553337
61015 41169 72188521
60285 35881 59695411
4936 2241 163144349
89349 14851 15090137
30127 2349 68944859
49192 39707 179940727
3713 256 50659837
9053 3909 128316491
49637 41332 210361873
78966 33723 147748499
89163 6669 55284937
35285 20779 11717521
59004 9604 74689973
73024 35352 132899521
96136 77666 154194499
57681 13782 120673309
10119 2859 138183007
79841 20238 99025943
52809 28909 230956529
95084 3210 235899821
59078 35794 86525941
34733 2495 34355947
35078 19403 62911657
42378 4498 201668771
