100
346258448 6248 34765041
221960614 6567 212122676
53972856 1878 123917087
190792888 5715 520844682
80120084 8810 111701632
230593170 1141 387370792
574672192 8630 124277110
72278294 2316 20571252
369163540 2443 894015820
869695056 7411 213972951
822071868 9106 118190820
62653007 6182 120269259
152987600 9749 66392665
112449826 8080 95562127
861485736 8066 2220558
335566018 3284 62613000
52169050 2835 131746552
444733158 6095 219495370
338421996 9365 97059961
693848844 377 370429462
146287805 5204 95691081
877958056 3235 85507028
72630552 2352 51900714
54878363 6591 110331524
708785564 5108 118106329
141778588 323 949994644
25614919 1004 344126440
252752305 4806 526565464
440365720 5109 123984032
253770540 4447 8636933
57290953 3702 453556684
58670820 3858 502598704
66643764 3489 558269100
513310688 4940 178960288
49511658 3127 88160244
167394162 5597 58213492
81373619 9505 322306968
427996258 4230 203761662
244620240 5172 59800653
15208932 501 204279196
216496836 4263 17855719
78991332 1787 327063876
34823884 5827 43515540
718251652 139 82492167
70234790 1734 109205069
127380760 6637 46399856
226101602 430 98859034
86459177 9827 257153976
101018613 3099 244729283
35787510 7216 119025888
463371240 3616 166623178
156162331 6770 206811284
232617859 8573 672894980
346559960 4316 607246644
64454819 414 567123804
338476922 7504 390389618
441368816 3263 105076150
909865148 5659 249039180
12493228 993 211103840
372119524 8116 30373524
158621236 3144 446725120
21704620 715 380990012
58239000 6867 256890900
125494712 7115 381722878
315537106 9679 185404398
160546998 4856 218853546
105688714 2418 196795113
123406744 5294 398616676
359867532 4277 131486852
174720034 7073 241643594
668839100 9670 187893482
229992192 2694 119237370
194231583 6264 29382781
231502341 7500 456352326
121440262 3943 190210108
490488608 8689 18140725
261852900 1269 83815912
919940680 400 18587568
488388476 7566 484718336
407802570 9183 2647900
124392712 8694 562149372
105284856 5475 516581112
55515552 560 10090175
211067644 1231 190858712
42251796 3055 207970531
391174324 4082 156331631
427082848 6419 456562424
362252040 5546 758942248
154092275 7097 974659536
72608831 7466 196066930
428238648 8825 62584595
165819260 5481 101232356
786560952 2590 433991652
617356876 5389 95609061
339723732 9883 363963176
909019752 8254 426211194
108323991 3006 126230604
94444454 2896 343355174
123098334 4874 488879682
196268394 8465 218669276
