346258448 11627410 34765041
221960614 15758142 212122676
53972856 4772355 123917087
190792888 8246539 520844682
80120084 7269536 111701632
230593170 14282569 387370792
574672192 1248754 124277110
72278294 7013017 20571252
369163540 5673010 894015820
869695056 16439054 213972951
822071868 3479453 118190820
62653007 14427624 120269259
152987600 3360084 66392665
112449826 3208400 95562127
861485736 228088 2220558
335566018 16494933 62613000
52169050 5303365 131746552
444733158 6646759 219495370
338421996 6009965 97059961
693848844 15941971 370429462
146287805 10266230 95691081
877958056 9734208 85507028
72630552 10793431 51900714
54878363 256616 110331524
708785564 9246032 118106329
141778588 12701593 949994644
25614919 14852489 344126440
252752305 8235629 526565464
440365720 2485357 123984032
253770540 1044551 8636933
57290953 10404742 453556684
58670820 13105168 502598704
66643764 16265115 558269100
513310688 10305970 178960288
49511658 16504777 88160244
167394162 5346131 58213492
81373619 3019806 322306968
427996258 11195349 203761662
244620240 10326204 59800653
15208932 9991500 204279196
216496836 8065069 17855719
78991332 8212608 327063876
34823884 13447171 43515540
718251652 3780517 82492167
70234790 2361970 109205069
127380760 7637400 46399856
226101602 5310961 98859034
86459177 13221148 257153976
101018613 183117 244729283
35787510 16218837 119025888
463371240 8954511 166623178
156162331 16771 206811284
232617859 8039376 672894980
346559960 7895105 607246644
64454819 6361050 567123804
338476922 10238527 390389618
441368816 7874050 105076150
909865148 8986557 249039180
12493228 5781571 211103840
372119524 7588874 30373524
158621236 9504094 446725120
21704620 12982013 380990012
58239000 7967663 256890900
125494712 6317746 381722878
315537106 13641042 185404398
160546998 13606216 218853546
105688714 6933111 196795113
123406744 6205914 398616676
359867532 14545731 131486852
174720034 6347707 241643594
668839100 5150184 187893482
229992192 6733367 119237370
194231583 15977861 29382781
231502341 4747974 456352326
121440262 15155458 190210108
490488608 9139602 18140725
261852900 13132582 83815912
919940680 6041004 18587568
488388476 8128378 484718336
407802570 15960778 1002647908
124392712 13100003 562149372
105284856 8986373 516581112
55515552 16422202 10090175
211067644 13142545 190858712
42251796 12804335 207970531
391174324 13075389 156331631
427082848 12437662 456562424
362252040 5466092 758942248
154092275 3767473 974659536
72608831 2027668 196066930
428238648 13750199 62584595
165819260 14696950 101232356
786560952 3262916 433991652
617356876 10896478 95609061
339723732 12311113 363963176
909019752 14069660 426211194
108323991 3763382 126230604
94444454 9143810 343355174
123098334 10135887 488879682
196268394 10559520 218669276
1000000000 7 2000000000
