100
6 0060001
6 4321298
3 5001
6 0604008
6 0102111
6 0999333
6 0020001
6 1201111
4 00001
6 6000006
6 1090001
2 601
1 09
6 0000004
3 0001
6 0000401
0 1
6 6020001
0 1
6 0011001
6 0200301
3 3001
6 9383771
6 9000021
4 00002
6 8700001
3 7004
6 1111212
3 8001
6 6079922
5 000001
0 1
6 6767203
6 0006001
6 6994301
6 0000007
1 92
6 0008001
6 0000008
0 2
5 122222
6 1211012
6 2002001
3 0001
0 9
2 001
2 111
6 2021211
3 3601
0 1
5 010001
6 3700001
6 0201002
4 11111
0 1
6 5905001
4 11111
6 5740507
6 0002004
6 3700291
0 1
6 0000001
3 6159
6 4040001
6 0003001
6 2212222
0 1
3 2091
6 1800001
2 565
6 1111111
6 2913148
6 9050001
3 0301
6 8000001
6 3197002
6 0908101
6 0011021
2 121
6 0076301
2 001
4 20801
1 71
6 0000001
0 1
6 9999999
3 1111
6 0000009
3 7001
6 0090001
6 1000001
0 1
2 186
1 09
4 12102
6 0000009
6 2112211
5 110011
6 0743855
6 0706577
