100
39079172
128554825
141167647
285791900
112831377
670689971
16930552
15914308
184603717
61368219
803312957
844237848
142624505
267947436
844036966
440998496
16465349
118687694
46291243
269140902
292443651
317004586
289847176
598757298
158616139
300065577
281827251
153063821
122034552
4876147
5803814
51506049
4615073
251865075
536854427
66710295
673391903
413098192
116938250
13913367
12180365
805271413
216825004
268687242
220688066
253020809
196014587
999239098
146787032
292793591
16529326
489627951
754973223
496071910
285409984
665659059
203399242
294434752
66742633
73846094
305097239
878119727
996452386
805236554
771194282
74540826
471269797
227308335
146434906
715366059
19150313
217337798
121757634
31503435
538072361
146295321
998150584
494624419
217027037
138983025
145432920
294334364
598646718
804159318
331687417
272847967
125945797
871395217
945894709
151074645
150230828
147886380
576894436
86481703
275568491
54160751
145533729
120265662
1000000000
100000000
