100
2 81.8615 11.1624
100.0000 11.1624
99.9999 11.1624
2 100.0000 65.1586
0.0001 65.1587
99.9999 65.1586
2 0.0006 94.1614
99.9990 96.3038
0.0010 94.1614
2 0.0001 8.2154
0.0010 5.9498
0.0002 8.2361
2 100.0000 37.9923
0.0007 37.9509
99.9993 43.4959
2 0.0001 77.2831
0.0001 97.3911
0.0001 57.1751
2 0.0001 62.9923
0.0009 62.9933
0.0006 95.5498
2 0.0010 11.4495
99.9991 5.9258
0.0005 11.4686
2 30.0000 65.4321
0.0001 50.0000
100.0000 99.9000
2 70.5272 35.4104
0.0001 35.4104
0.0002 35.4104
2 0.0007 38.5695
99.9997 48.7707
99.9992 28.3684
2 99.9996 40.8249
0.0003 67.9446
0.0007 13.7052
2 99.9998 31.3422
100.0000 10.4612
0.0003 31.5358
2 50.8103 3.3525
0.0002 91.9008
99.9998 3.3523
2 99.9997 86.9932
0.0008 72.0838
99.9999 86.9932
2 99.9997 14.6775
0.0011 97.6614
0.0004 14.6775
1 63.3192 47.9347
24.5661 47.9339
2 0.0009 14.4307
0.0010 23.0903
99.9995 14.4307
2 99.9991 31.2331
0.0002 51.9957
0.0002 31.1972
2 99.9991 3.2857
67.9559 16.8031
0.0010 3.2813
2 99.9998 42.7292
0.0008 42.7292
0.0003 43.7768
2 99.9999 68.4056
99.9996 47.4321
0.0007 89.3790
2 99.9999 34.8403
0.0010 34.8403
99.9990 8.3786
2 99.9992 64.6785
99.9996 33.2469
99.9994 64.6785
2 99.9991 26.8302
0.0005 26.8302
51.6000 18.1196
2 99.9991 52.1679
99.9996 56.0192
99.9994 48.3165
2 99.9996 90.0039
0.0005 90.0039
0.0004 36.8784
2 0.0009 92.0081
0.0006 92.7782
0.0007 78.6530
2 0.0004 38.8676
0.0008 62.2740
99.9994 15.4612
2 99.9999 15.6028
22.9384 15.6028
0.0005 84.9078
1 69.3288 0.1000
38.5615 20.4011
2 0.0009 85.1915
0.0005 2.9714
99.9998 85.1915
2 99.9998 44.9488
0.0006 1.6677
99.9997 44.9488
1 10.0000 50.0000
0.2000 50.0000
2 0.0002 36.0876
0.0004 36.0876
0.0008 82.2935
2 14.8640 3.3198
69.6837 5.7133
54.3126 0.2490
2 0.0010 1.8930
99.9992 75.0979
99.9997 1.8930
1 61.0387 99.9000
70.0812 76.0429
2 99.9996 91.9476
0.0004 1.3579
0.0005 92.6023
2 0.0004 90.5486
8.0972 24.3601
0.0005 90.5486
1 14.6307 86.2136
93.2840 86.2136
2 20.8109 67.3216
78.0173 26.1357
24.3797 87.3522
2 99.9995 7.6751
99.9993 7.6665
99.9994 88.7628
2 0.0008 60.8584
99.9995 92.5756
0.0011 60.7734
2 0.0007 62.6874
99.9990 62.6874
99.9995 40.7334
2 100.0000 88.3984
0.0001 88.3983
99.9999 88.3984
2 60.6098 63.5517
0.0001 63.5517
0.0002 63.5517
1 99.2689 0.1000
69.2370 0.1000
2 0.0006 4.9342
71.0866 87.4519
99.9998 4.9342
2 99.9996 47.4079
99.9995 12.0642
0.0009 47.4079
1 23.2001 46.1100
25.8874 82.1313
2 99.9995 52.4588
99.9999 50.1819
0.0002 52.4588
2 84.3396 0.1000
27.8834 94.7499
93.4195 0.1000
2 99.4808 76.9326
99.9999 76.9326
100.0000 76.9326
2 0.0004 69.5864
0.0005 77.4157
0.0009 61.7571
2 100.0000 75.6127
70.0263 75.6127
27.0364 27.7990
2 0.0004 92.8532
0.0004 95.1185
99.9997 90.5879
2 99.9992 59.6083
0.0009 59.7038
99.9997 10.1931
2 99.9990 86.2328
31.7412 86.8097
0.0004 13.5190
2 0.0005 6.3227
0.0007 6.3139
99.9993 18.3353
1 41.3807 99.9000
46.0852 99.9000
2 100.0000 48.3344
49.1467 9.4306
66.9794 87.2382
2 99.9995 28.7422
80.3785 0.1692
99.9999 28.7422
2 0.0006 24.7965
99.9999 27.4818
99.9998 24.7965
2 0.0001 24.8148
68.4954 42.1870
63.4023 7.4426
2 99.9991 91.5162
99.9999 91.5162
0.0004 97.3879
2 49.6384 96.5014
25.0987 19.3077
3.8695 96.5008
2 0.0003 98.3942
0.0009 33.5478
99.9991 98.7749
2 1.1234 80.7283
21.2037 80.7283
68.8568 80.7283
1 6.2860 96.9009
68.1607 30.8898
2 5.0000 99.9000
30.0000 99.8999
20.0000 99.7000
2 0.0001 89.2153
0.0010 65.0296
99.9993 89.2148
2 99.9994 35.5168
99.9990 35.5168
0.0010 45.1730
2 99.9990 79.2962
99.9997 79.2962
0.0005 11.5114
2 0.0004 71.5735
0.0001 98.7482
0.0004 71.5735
2 59.1081 96.8236
85.9566 98.5488
45.9915 93.5993
2 100.0000 65.1587
99.9999 65.1586
0.0001 65.1587
2 99.9997 50.5110
99.9991 86.1581
99.9991 50.5110
2 0.0001 0.1001
0.0001 0.1003
0.0001 0.1000
2 99.9994 34.4389
89.2469 14.0501
99.9999 54.8276
2 0.0001 0.1000
0.0001 0.1002
0.0001 0.1001
2 86.1390 59.7131
43.9919 85.7097
24.4519 59.7142
2 99.9997 45.0141
0.0008 45.0141
0.0003 85.5236
2 0.0003 39.5665
99.9994 39.5665
0.0009 37.7142
2 0.0009 95.8589
0.0010 42.8660
0.0006 95.8589
2 0.0011 47.1330
99.9999 24.4583
99.9992 47.5143
2 0.0008 36.0688
0.0011 50.6874
0.0011 36.0193
2 0.0007 65.4810
99.9992 84.9183
0.0008 46.0436
2 0.0006 72.8268
99.9997 69.9613
0.0009 72.8268
2 70.4864 8.8757
16.2223 61.7760
57.2424 61.7760
2 99.9997 57.9138
0.0002 58.4918
0.0005 27.3512
2 0.0009 22.8732
99.9994 51.8044
26.8547 22.8455
2 99.9993 79.2475
99.9991 73.4842
99.9991 79.8261
2 0.0010 50.3273
0.0003 50.3273
0.0010 45.9812
2 99.9995 18.9352
99.9993 87.4707
100.0000 18.9352
2 100.0000 88.3983
0.0001 88.3983
99.9999 88.3984
2 0.0003 38.3289
99.9999 38.2775
100.0000 41.3189
2 0.0008 8.7264
99.9996 60.4720
36.9267 8.7264
2 99.9995 52.7180
99.9993 63.9178
0.0003 41.5181
2 99.9996 34.8726
99.9991 86.3764
99.9990 34.8208
